0 0 0 
0 0 0 
0 0 0 
5 5

0 0 0 
0 0 0 
0 0 1 
25 1794355

0 0 0 
0 0 0 
0 0 2 
1810 5

0 0 0 
0 0 0 
0 1 0 
5 12429

0 0 0 
0 0 0 
0 1 2 
0 0

0 0 0 
0 0 0 
0 2 0 
3125 5

0 0 0 
0 0 0 
0 2 1 
0 0

0 0 0 
0 0 0 
1 0 2 
0 0

0 0 0 
0 0 0 
1 1 2 
5 0

0 0 0 
0 0 0 
1 2 1 
5 12

0 0 0 
0 0 0 
1 2 2 
24 5

0 0 0 
0 0 0 
2 1 2 
5 5

0 0 0 
0 0 1 
0 1 2 
5 147

0 0 0 
0 0 1 
0 2 0 
0 0

0 0 0 
0 0 1 
0 2 1 
5 414011

0 0 0 
0 0 1 
0 2 2 
411 5

0 0 0 
0 0 1 
1 0 2 
5 15060

0 0 0 
0 0 1 
1 2 0 
5 160

0 0 0 
0 0 1 
1 2 2 
0 0

0 0 0 
0 0 1 
2 0 0 
0 0

0 0 0 
0 0 1 
2 0 1 
5 454828

0 0 0 
0 0 1 
2 0 2 
180 5

0 0 0 
0 0 1 
2 1 0 
5 9

0 0 0 
0 0 1 
2 1 2 
0 0

0 0 0 
0 0 1 
2 2 0 
26 5

0 0 0 
0 0 1 
2 2 1 
0 289

0 0 0 
0 0 2 
0 2 1 
4 5

0 0 0 
0 0 2 
1 0 0 
0 0

0 0 0 
0 0 2 
1 0 1 
22 311763

0 0 0 
0 0 2 
1 0 2 
14 5

0 0 0 
0 0 2 
1 1 0 
5 0

0 0 0 
0 0 2 
1 1 2 
819 0

0 0 0 
0 0 2 
1 2 0 
10 5

0 0 0 
0 0 2 
1 2 1 
0 3

0 0 0 
0 0 2 
2 0 1 
1169 5

0 0 0 
0 0 2 
2 1 0 
66 5

0 0 0 
0 0 2 
2 1 1 
0 0

0 0 0 
0 1 0 
0 0 0 
5 52

0 0 0 
0 1 0 
0 0 2 
11 194

0 0 0 
0 1 0 
0 1 2 
5 179

0 0 0 
0 1 0 
0 2 0 
2 81

0 0 0 
0 1 0 
0 2 1 
5 308

0 0 0 
0 1 0 
0 2 2 
229 5

0 0 0 
0 1 0 
1 0 2 
5 20

0 0 0 
0 1 0 
1 2 2 
0 79

0 0 0 
0 1 0 
2 0 2 
106 5

0 0 0 
0 1 0 
2 1 2 
0 43

0 0 0 
0 1 1 
0 2 0 
5 1408

0 0 0 
0 1 1 
0 2 2 
0 0

0 0 0 
0 1 1 
1 2 2 
5 68

0 0 0 
0 1 1 
2 0 0 
5 18

0 0 0 
0 1 1 
2 0 2 
0 0

0 0 0 
0 1 1 
2 1 2 
5 152

0 0 0 
0 1 1 
2 2 0 
0 0

0 0 0 
0 1 1 
2 2 1 
5 1673

0 0 0 
0 1 2 
0 2 0 
164 5

0 0 0 
0 1 2 
0 2 1 
240 5

0 0 0 
0 1 2 
1 0 0 
0 32

0 0 0 
0 1 2 
1 0 2 
5 4689

0 0 0 
0 1 2 
1 1 2 
0 0

0 0 0 
0 1 2 
1 2 0 
5 0

0 0 0 
0 1 2 
1 2 1 
0 0

0 0 0 
0 1 2 
1 2 2 
5 7337

0 0 0 
0 1 2 
2 0 0 
0 5

0 0 0 
0 1 2 
2 0 1 
524 5

0 0 0 
0 1 2 
2 1 0 
0 0

0 0 0 
0 1 2 
2 1 1 
0 50

0 0 0 
0 1 2 
2 1 2 
5 64607

0 0 0 
0 1 2 
2 2 1 
0 5

0 0 0 
0 2 0 
0 0 0 
0 5

0 0 0 
0 2 0 
0 0 1 
1212 5

0 0 0 
0 2 0 
0 1 0 
0 134

0 0 0 
0 2 0 
0 1 1 
9 0

0 0 0 
0 2 0 
0 1 2 
5 143

0 0 0 
0 2 0 
0 2 1 
11 5

0 0 0 
0 2 0 
1 0 1 
509 5

0 0 0 
0 2 0 
1 0 2 
5 200

0 0 0 
0 2 0 
1 1 2 
346 5

0 0 0 
0 2 0 
1 2 1 
569 0

0 0 0 
0 2 1 
0 1 0 
72 0

0 0 0 
0 2 1 
0 1 2 
5 54

0 0 0 
0 2 1 
0 2 0 
22 4

0 0 0 
0 2 1 
0 2 1 
797 5

0 0 0 
0 2 1 
1 0 0 
0 0

0 0 0 
0 2 1 
1 0 2 
5 217

0 0 0 
0 2 1 
1 1 2 
0 0

0 0 0 
0 2 1 
1 2 0 
5 0

0 0 0 
0 2 1 
1 2 1 
28 0

0 0 0 
0 2 1 
1 2 2 
5 0

0 0 0 
0 2 1 
2 0 0 
258 5

0 0 0 
0 2 1 
2 0 1 
33 5

0 0 0 
0 2 1 
2 1 0 
0 0

0 0 0 
0 2 1 
2 1 1 
0 1

0 0 0 
0 2 1 
2 1 2 
5 0

0 0 0 
0 2 1 
2 2 1 
20 5

0 0 0 
0 2 2 
1 0 0 
0 5

0 0 0 
0 2 2 
1 0 1 
50 5

0 0 0 
0 2 2 
1 1 0 
0 0

0 0 0 
0 2 2 
1 1 1 
0 0

0 0 0 
0 2 2 
1 1 2 
5 122054

0 0 0 
0 2 2 
1 2 1 
37 5

0 0 0 
0 2 2 
2 1 1 
95 5

0 0 0 
1 0 1 
0 0 2 
80 5

0 0 0 
1 0 1 
0 2 0 
5 20

0 0 0 
1 0 1 
0 2 2 
5 35

0 0 0 
1 0 1 
1 2 2 
3 0

0 0 0 
1 0 1 
2 0 2 
5 2717

0 0 0 
1 0 1 
2 1 2 
13 0

0 0 0 
1 0 2 
0 0 0 
5 16

0 0 0 
1 0 2 
0 0 1 
56 5

0 0 0 
1 0 2 
0 0 2 
0 0

0 0 0 
1 0 2 
0 1 0 
5 44

0 0 0 
1 0 2 
0 1 2 
834 5

0 0 0 
1 0 2 
0 2 0 
5 105

0 0 0 
1 0 2 
0 2 1 
23 0

0 0 0 
1 0 2 
1 0 0 
90 5

0 0 0 
1 0 2 
1 0 2 
0 15

0 0 0 
1 0 2 
1 1 2 
5 174975

0 0 0 
1 0 2 
1 2 0 
0 0

0 0 0 
1 0 2 
1 2 1 
5 0

0 0 0 
1 0 2 
1 2 2 
0 0

0 0 0 
1 0 2 
2 0 0 
5 21901

0 0 0 
1 0 2 
2 0 1 
0 5

0 0 0 
1 0 2 
2 1 0 
10 5

0 0 0 
1 0 2 
2 1 1 
0 0

0 0 0 
1 0 2 
2 1 2 
3 2

0 0 0 
1 0 2 
2 2 1 
5 5

0 0 0 
1 1 1 
0 2 2 
38 5

0 0 0 
1 1 1 
2 0 2 
42 5

0 0 0 
1 1 1 
2 2 2 
5 584

0 0 0 
1 1 2 
0 0 0 
5 140

0 0 0 
1 1 2 
0 0 2 
5 5

0 0 0 
1 1 2 
0 1 2 
5 4

0 0 0 
1 1 2 
0 2 0 
22 0

0 0 0 
1 1 2 
0 2 1 
5 0

0 0 0 
1 1 2 
0 2 2 
0 0

0 0 0 
1 1 2 
1 0 2 
5 53

0 0 0 
1 1 2 
1 2 0 
31 5

0 0 0 
1 1 2 
1 2 2 
5 0

0 0 0 
1 1 2 
2 0 0 
5 1374

0 0 0 
1 1 2 
2 0 1 
0 0

0 0 0 
1 1 2 
2 0 2 
60 0

0 0 0 
1 1 2 
2 1 0 
5 26

0 0 0 
1 1 2 
2 1 2 
173 5

0 0 0 
1 1 2 
2 2 0 
5 17

0 0 0 
1 1 2 
2 2 1 
0 0

0 0 0 
1 2 1 
0 0 0 
27 5

0 0 0 
1 2 1 
0 0 2 
0 8

0 0 0 
1 2 1 
0 1 2 
5 0

0 0 0 
1 2 1 
0 2 0 
915 2

0 0 0 
1 2 1 
0 2 1 
5 0

0 0 0 
1 2 1 
0 2 2 
74 0

0 0 0 
1 2 1 
1 0 2 
5 0

0 0 0 
1 2 1 
1 2 2 
158 5

0 0 0 
1 2 1 
2 0 2 
5 0

0 0 0 
1 2 1 
2 1 2 
0 0

0 0 0 
1 2 2 
0 0 0 
17 5

0 0 0 
1 2 2 
0 0 1 
50 4

0 0 0 
1 2 2 
0 1 0 
19 5

0 0 0 
1 2 2 
0 1 1 
0 132

0 0 0 
1 2 2 
0 1 2 
0 0

0 0 0 
1 2 2 
0 2 1 
5 14

0 0 0 
1 2 2 
1 0 0 
225 5

0 0 0 
1 2 2 
1 0 1 
28 5

0 0 0 
1 2 2 
1 0 2 
0 64

0 0 0 
1 2 2 
1 1 0 
5 5692

0 0 0 
1 2 2 
1 1 2 
0 5

0 0 0 
1 2 2 
1 2 0 
5 76

0 0 0 
1 2 2 
1 2 1 
0 0

0 0 0 
1 2 2 
2 0 1 
0 5

0 0 0 
1 2 2 
2 1 0 
0 0

0 0 0 
1 2 2 
2 1 1 
26 5

0 0 0 
2 0 2 
0 0 1 
56 5

0 0 0 
2 0 2 
0 1 0 
5 0

0 0 0 
2 0 2 
0 1 1 
78 5

0 0 0 
2 0 2 
1 0 1 
10 5

0 0 0 
2 0 2 
1 1 1 
0 0

0 0 0 
2 0 2 
1 1 2 
0 3

0 0 0 
2 0 2 
1 2 1 
22 120722

0 0 0 
2 1 2 
0 0 0 
137 5

0 0 0 
2 1 2 
0 0 1 
14 5

0 0 0 
2 1 2 
0 1 0 
0 5

0 0 0 
2 1 2 
0 1 1 
0 110

0 0 0 
2 1 2 
0 1 2 
0 32

0 0 0 
2 1 2 
0 2 1 
5 776

0 0 0 
2 1 2 
1 0 1 
0 5

0 0 0 
2 1 2 
1 0 2 
0 5

0 0 0 
2 1 2 
1 1 2 
5 1940

0 0 0 
2 1 2 
1 2 1 
0 5

0 0 1 
0 0 0 
1 0 2 
0 0

0 0 1 
0 0 0 
1 2 0 
0 8

0 0 1 
0 0 0 
1 2 2 
272 5

0 0 1 
0 0 0 
2 0 0 
149 5

0 0 1 
0 0 0 
2 0 1 
5 5

0 0 1 
0 0 0 
2 0 2 
5 11

0 0 1 
0 0 0 
2 1 0 
5 42

0 0 1 
0 0 0 
2 1 2 
2 27

0 0 1 
0 0 0 
2 2 0 
0 0

0 0 1 
0 0 0 
2 2 1 
5 227061

0 0 1 
0 0 1 
1 2 2 
101 5

0 0 1 
0 0 1 
2 0 0 
5 422

0 0 1 
0 0 1 
2 0 2 
0 4

0 0 1 
0 0 1 
2 1 2 
34 5

0 0 1 
0 0 1 
2 2 0 
0 21

0 0 1 
0 0 1 
2 2 1 
5 0

0 0 1 
0 0 2 
1 2 0 
5 7

0 0 1 
0 0 2 
1 2 1 
213 0

0 0 1 
0 0 2 
1 2 2 
5 0

0 0 1 
0 0 2 
2 0 0 
16 2

0 0 1 
0 0 2 
2 0 1 
5 219956

0 0 1 
0 0 2 
2 1 0 
17 5

0 0 1 
0 0 2 
2 1 1 
3 4

0 0 1 
0 0 2 
2 1 2 
5 2

0 0 1 
0 0 2 
2 2 1 
3 5

0 0 1 
0 1 0 
1 2 2 
12 5

0 0 1 
0 1 0 
2 0 0 
0 0

0 0 1 
0 1 0 
2 0 2 
0 2

0 0 1 
0 1 0 
2 1 2 
5 0

0 0 1 
0 1 0 
2 2 0 
4 5

0 0 1 
0 1 0 
2 2 1 
3 5

0 0 1 
0 1 1 
2 0 2 
5 905

0 0 1 
0 1 1 
2 2 0 
5 45

0 0 1 
0 1 2 
1 2 0 
42 0

0 0 1 
0 1 2 
1 2 2 
5 35

0 0 1 
0 1 2 
2 0 0 
0 0

0 0 1 
0 1 2 
2 0 1 
5 3365

0 0 1 
0 1 2 
2 0 2 
176 5

0 0 1 
0 1 2 
2 1 0 
5 0

0 0 1 
0 1 2 
2 1 2 
5 2

0 0 1 
0 1 2 
2 2 0 
275 5

0 0 1 
0 1 2 
2 2 1 
5 11

0 0 1 
0 2 0 
1 0 0 
5 110

0 0 1 
0 2 0 
1 0 2 
0 0

0 0 1 
0 2 0 
1 1 2 
5 8

0 0 1 
0 2 0 
1 2 0 
38 5

0 0 1 
0 2 0 
1 2 1 
5 58

0 0 1 
0 2 0 
1 2 2 
0 14

0 0 1 
0 2 0 
2 0 0 
99 5

0 0 1 
0 2 0 
2 0 1 
0 12

0 0 1 
0 2 0 
2 1 0 
8 190119

0 0 1 
0 2 0 
2 1 1 
0 0

0 0 1 
0 2 0 
2 1 2 
5 0

0 0 1 
0 2 0 
2 2 1 
0 0

0 0 1 
0 2 1 
1 2 0 
5 0

0 0 1 
0 2 1 
1 2 2 
40 5

0 0 1 
0 2 1 
2 0 0 
261 5

0 0 1 
0 2 1 
2 0 1 
0 87

0 0 1 
0 2 1 
2 0 2 
0 0

0 0 1 
0 2 1 
2 1 0 
5 54

0 0 1 
0 2 1 
2 1 2 
16 5

0 0 1 
0 2 1 
2 2 0 
0 5

0 0 1 
0 2 1 
2 2 1 
5 0

0 0 1 
0 2 2 
1 2 0 
164 0

0 0 1 
0 2 2 
1 2 1 
0 0

0 0 1 
0 2 2 
2 0 1 
5 109724

0 0 1 
0 2 2 
2 1 0 
248 5

0 0 1 
0 2 2 
2 1 1 
5 62

0 0 1 
1 0 0 
0 0 2 
0 0

0 0 1 
1 0 0 
0 2 0 
0 5

0 0 1 
1 0 0 
0 2 2 
5 152

0 0 1 
1 0 0 
1 2 2 
5 5

0 0 1 
1 0 0 
2 0 2 
20 0

0 0 1 
1 0 0 
2 1 2 
32 5

0 0 1 
1 0 0 
2 2 0 
20 5

0 0 1 
1 0 0 
2 2 1 
32 0

0 0 1 
1 0 1 
0 2 2 
5 380

0 0 1 
1 0 1 
2 0 2 
5 120

0 0 1 
1 0 1 
2 2 0 
0 0

0 0 1 
1 0 2 
0 0 2 
5 2446

0 0 1 
1 0 2 
0 1 2 
18 0

0 0 1 
1 0 2 
0 2 0 
5 96

0 0 1 
1 0 2 
0 2 1 
0 0

0 0 1 
1 0 2 
0 2 2 
5 10506

0 0 1 
1 0 2 
1 0 2 
50 5

0 0 1 
1 0 2 
1 2 0 
5 0

0 0 1 
1 0 2 
1 2 2 
5 0

0 0 1 
1 0 2 
2 0 0 
5 4

0 0 1 
1 0 2 
2 0 1 
257 5

0 0 1 
1 0 2 
2 0 2 
0 0

0 0 1 
1 0 2 
2 1 0 
5 1070

0 0 1 
1 0 2 
2 1 2 
0 0

0 0 1 
1 0 2 
2 2 0 
5 13

0 0 1 
1 0 2 
2 2 1 
8 5

0 0 1 
1 1 0 
0 2 2 
5 282

0 0 1 
1 1 0 
2 0 2 
5 125

0 0 1 
1 1 0 
2 2 0 
0 47

0 0 1 
1 1 1 
2 2 2 
0 5

0 0 1 
1 1 2 
0 0 2 
5 4682

0 0 1 
1 1 2 
0 2 0 
42 5

0 0 1 
1 1 2 
0 2 2 
5 5

0 0 1 
1 1 2 
1 2 2 
0 4

0 0 1 
1 1 2 
2 0 0 
8 5

0 0 1 
1 1 2 
2 0 2 
0 5

0 0 1 
1 1 2 
2 1 2 
5 0

0 0 1 
1 1 2 
2 2 0 
5 0

0 0 1 
1 1 2 
2 2 1 
5 1

0 0 1 
1 2 0 
0 0 2 
74 5

0 0 1 
1 2 0 
0 1 2 
5 5

0 0 1 
1 2 0 
0 2 0 
5 8

0 0 1 
1 2 0 
0 2 1 
5 107

0 0 1 
1 2 0 
0 2 2 
0 0

0 0 1 
1 2 0 
1 0 2 
5 533

0 0 1 
1 2 0 
1 2 0 
5 10

0 0 1 
1 2 0 
1 2 2 
14 0

0 0 1 
1 2 0 
2 0 1 
5 5

0 0 1 
1 2 0 
2 0 2 
0 1

0 0 1 
1 2 0 
2 1 0 
5 518

0 0 1 
1 2 0 
2 1 2 
65 5

0 0 1 
1 2 0 
2 2 0 
0 0

0 0 1 
1 2 0 
2 2 1 
5 2

0 0 1 
1 2 1 
0 0 2 
69 0

0 0 1 
1 2 1 
0 2 0 
5 0

0 0 1 
1 2 1 
0 2 2 
40 5

0 0 1 
1 2 1 
1 2 2 
5 0

0 0 1 
1 2 1 
2 0 0 
5 0

0 0 1 
1 2 1 
2 0 2 
0 0

0 0 1 
1 2 1 
2 1 2 
5 3812

0 0 1 
1 2 1 
2 2 0 
14 5

0 0 1 
1 2 1 
2 2 1 
5 7

0 0 1 
1 2 2 
0 0 1 
0 0

0 0 1 
1 2 2 
0 0 2 
41 5

0 0 1 
1 2 2 
0 1 0 
0 0

0 0 1 
1 2 2 
0 1 2 
5 0

0 0 1 
1 2 2 
0 2 0 
5 0

0 0 1 
1 2 2 
0 2 1 
116 0

0 0 1 
1 2 2 
1 0 0 
5 0

0 0 1 
1 2 2 
1 0 2 
5 0

0 0 1 
1 2 2 
1 1 2 
515 0

0 0 1 
1 2 2 
1 2 0 
5 0

0 0 1 
1 2 2 
1 2 1 
1 0

0 0 1 
1 2 2 
1 2 2 
5 1760

0 0 1 
1 2 2 
2 0 0 
113 5

0 0 1 
1 2 2 
2 0 1 
5 6

0 0 1 
1 2 2 
2 1 0 
0 5

0 0 1 
1 2 2 
2 1 1 
5 105

0 0 1 
1 2 2 
2 1 2 
0 0

0 0 1 
1 2 2 
2 2 1 
41 5

0 0 1 
2 0 0 
0 0 1 
20 0

0 0 1 
2 0 0 
0 0 2 
8 154009

0 0 1 
2 0 0 
0 1 2 
0 0

0 0 1 
2 0 0 
0 2 0 
5 0

0 0 1 
2 0 0 
0 2 1 
0 0

0 0 1 
2 0 0 
1 0 2 
5 0

0 0 1 
2 0 0 
1 1 2 
0 5

0 0 1 
2 0 0 
1 2 0 
78 5

0 0 1 
2 0 0 
1 2 1 
0 5

0 0 1 
2 0 0 
1 2 2 
4 0

0 0 1 
2 0 0 
2 0 1 
5 5

0 0 1 
2 0 0 
2 1 1 
8 5

0 0 1 
2 0 0 
2 1 2 
5 5

0 0 1 
2 0 0 
2 2 1 
5 10389

0 0 1 
2 0 1 
0 0 2 
16 5

0 0 1 
2 0 1 
0 1 2 
0 10

0 0 1 
2 0 1 
0 2 0 
5 5

0 0 1 
2 0 1 
0 2 1 
0 14

0 0 1 
2 0 1 
0 2 2 
1 0

0 0 1 
2 0 1 
1 0 2 
5 0

0 0 1 
2 0 1 
1 2 0 
5 11

0 0 1 
2 0 1 
1 2 2 
5 42301

0 0 1 
2 0 1 
2 0 0 
1 5

0 0 1 
2 0 1 
2 0 1 
0 6

0 0 1 
2 0 1 
2 0 2 
5 0

0 0 1 
2 0 1 
2 1 0 
3 5

0 0 1 
2 0 1 
2 1 2 
7 5

0 0 1 
2 0 1 
2 2 0 
0 4

0 0 1 
2 0 1 
2 2 1 
5 1

0 0 1 
2 0 2 
0 0 1 
0 38

0 0 1 
2 0 2 
0 1 0 
5 160175

0 0 1 
2 0 2 
0 1 1 
34 5

0 0 1 
2 0 2 
0 1 2 
5 7075

0 0 1 
2 0 2 
0 2 1 
5 8

0 0 1 
2 0 2 
1 0 0 
0 0

0 0 1 
2 0 2 
1 0 1 
0 0

0 0 1 
2 0 2 
1 0 2 
5 181535

0 0 1 
2 0 2 
1 1 0 
17 5

0 0 1 
2 0 2 
1 1 2 
5 6

0 0 1 
2 0 2 
1 2 0 
6 0

0 0 1 
2 0 2 
1 2 1 
10 5

0 0 1 
2 0 2 
2 0 1 
5 47

0 0 1 
2 0 2 
2 1 0 
0 0

0 0 1 
2 0 2 
2 1 1 
0 0

0 0 1 
2 1 0 
0 0 2 
5 0

0 0 1 
2 1 0 
0 1 2 
10 5

0 0 1 
2 1 0 
0 2 0 
10 5

0 0 1 
2 1 0 
0 2 1 
19 17

0 0 1 
2 1 0 
0 2 2 
5 0

0 0 1 
2 1 0 
1 0 2 
1 5

0 0 1 
2 1 0 
1 2 0 
5 6

0 0 1 
2 1 0 
1 2 2 
1 0

0 0 1 
2 1 0 
2 0 1 
1 5

0 0 1 
2 1 0 
2 0 2 
0 5

0 0 1 
2 1 0 
2 1 2 
289 5

0 0 1 
2 1 0 
2 2 0 
20 5

0 0 1 
2 1 0 
2 2 1 
56 0

0 0 1 
2 1 1 
0 0 2 
0 0

0 0 1 
2 1 1 
0 2 0 
5 233

0 0 1 
2 1 1 
0 2 2 
0 0

0 0 1 
2 1 1 
1 2 2 
5 2566

0 0 1 
2 1 1 
2 0 0 
0 5

0 0 1 
2 1 1 
2 0 2 
5 68

0 0 1 
2 1 1 
2 1 2 
5 20

0 0 1 
2 1 1 
2 2 0 
5 41

0 0 1 
2 1 1 
2 2 1 
5 1

0 0 1 
2 1 2 
0 0 1 
203 5

0 0 1 
2 1 2 
0 0 2 
0 0

0 0 1 
2 1 2 
0 1 0 
52 5

0 0 1 
2 1 2 
0 1 2 
0 0

0 0 1 
2 1 2 
0 2 0 
5 0

0 0 1 
2 1 2 
0 2 1 
5 175

0 0 1 
2 1 2 
1 0 0 
0 24

0 0 1 
2 1 2 
1 0 2 
5 125

0 0 1 
2 1 2 
1 1 2 
5 1

0 0 1 
2 1 2 
1 2 0 
59 0

0 0 1 
2 1 2 
1 2 1 
5 0

0 0 1 
2 1 2 
1 2 2 
0 0

0 0 1 
2 1 2 
2 0 0 
5 1664

0 0 1 
2 1 2 
2 0 1 
50 5

0 0 1 
2 1 2 
2 1 0 
5 1895

0 0 1 
2 1 2 
2 1 1 
0 5

0 0 1 
2 1 2 
2 1 2 
5 434

0 0 1 
2 1 2 
2 2 1 
0 32

0 0 1 
2 2 0 
0 0 1 
0 5

0 0 1 
2 2 0 
0 1 1 
0 25

0 0 1 
2 2 0 
0 1 2 
5 23

0 0 1 
2 2 0 
0 2 1 
5 170

0 0 1 
2 2 0 
1 0 1 
5 7070

0 0 1 
2 2 0 
1 0 2 
5 41

0 0 1 
2 2 0 
1 1 2 
5 14837

0 0 1 
2 2 0 
1 2 0 
5 5

0 0 1 
2 2 0 
1 2 1 
28 5

0 0 1 
2 2 0 
2 0 1 
0 0

0 0 1 
2 2 0 
2 1 1 
0 0

0 0 1 
2 2 1 
0 0 1 
5 0

0 0 1 
2 2 1 
0 0 2 
0 5

0 0 1 
2 2 1 
0 1 0 
0 5

0 0 1 
2 2 1 
0 1 2 
0 0

0 0 1 
2 2 1 
0 2 0 
5 0

0 0 1 
2 2 1 
0 2 1 
5 5

0 0 1 
2 2 1 
1 0 2 
0 5

0 0 1 
2 2 1 
1 1 2 
5 0

0 0 1 
2 2 1 
1 2 0 
247 5

0 0 1 
2 2 1 
1 2 1 
56 0

0 0 1 
2 2 1 
1 2 2 
11 5

0 0 1 
2 2 1 
2 0 0 
0 0

0 0 1 
2 2 1 
2 0 1 
0 5

0 0 1 
2 2 1 
2 1 0 
0 0

0 0 1 
2 2 1 
2 1 1 
5 5078

0 0 1 
2 2 1 
2 1 2 
17 5

0 0 1 
2 2 1 
2 2 1 
5 32

0 0 2 
0 0 0 
2 0 1 
26 0

0 0 2 
0 0 0 
2 1 0 
0 5

0 0 2 
0 0 0 
2 1 1 
5 65

0 0 2 
0 0 1 
2 1 0 
0 0

0 0 2 
0 0 1 
2 1 1 
5 0

0 0 2 
0 0 1 
2 1 2 
0 0

0 0 2 
0 0 1 
2 2 1 
8 61631

0 0 2 
0 1 0 
2 0 0 
125 5

0 0 2 
0 1 0 
2 0 1 
0 5

0 0 2 
0 1 0 
2 1 0 
5 119

0 0 2 
0 1 0 
2 1 1 
0 0

0 0 2 
0 1 0 
2 1 2 
5 107

0 0 2 
0 1 0 
2 2 1 
5 5

0 0 2 
0 1 1 
2 1 0 
5 5

0 0 2 
0 1 1 
2 1 2 
80 5

0 0 2 
0 1 1 
2 2 0 
83 5

0 0 2 
0 1 1 
2 2 1 
59 5

0 0 2 
1 0 0 
0 0 2 
59 5

0 0 2 
1 0 0 
0 1 0 
176 5

0 0 2 
1 0 0 
0 1 2 
155 5

0 0 2 
1 0 0 
0 2 0 
5 5

0 0 2 
1 0 0 
0 2 1 
92 5

0 0 2 
1 0 0 
1 0 2 
44 5

0 0 2 
1 0 0 
1 1 2 
65 5

0 0 2 
1 0 0 
1 2 0 
20 5

0 0 2 
1 0 0 
1 2 1 
15 5

0 0 2 
1 0 0 
1 2 2 
0 1

0 0 2 
1 0 0 
2 0 1 
19 4

0 0 2 
1 0 0 
2 1 0 
5 0

0 0 2 
1 0 0 
2 1 1 
7 5

0 0 2 
1 0 0 
2 1 2 
0 5

0 0 2 
1 0 0 
2 2 1 
0 5

0 0 2 
1 0 1 
0 0 2 
3 4

0 0 2 
1 0 1 
0 1 2 
0 90

0 0 2 
1 0 1 
0 2 0 
5 75679

0 0 2 
1 0 1 
0 2 1 
0 5

0 0 2 
1 0 1 
0 2 2 
0 5

0 0 2 
1 0 1 
1 0 2 
5 160

0 0 2 
1 0 1 
1 2 0 
0 35

0 0 2 
1 0 1 
1 2 2 
0 5

0 0 2 
1 0 1 
2 0 0 
0 71

0 0 2 
1 0 1 
2 0 1 
290 5

0 0 2 
1 0 1 
2 0 2 
8 5

0 0 2 
1 0 1 
2 1 0 
557 5

0 0 2 
1 0 1 
2 1 2 
25 5

0 0 2 
1 0 1 
2 2 0 
5 6

0 0 2 
1 0 1 
2 2 1 
1728 0

0 0 2 
1 0 2 
0 1 0 
38 5

0 0 2 
1 0 2 
0 1 1 
0 0

0 0 2 
1 0 2 
0 2 1 
0 0

0 0 2 
1 0 2 
1 0 1 
5 0

0 0 2 
1 0 2 
1 1 0 
0 22

0 0 2 
1 0 2 
1 2 0 
5 0

0 0 2 
1 0 2 
1 2 1 
0 5

0 0 2 
1 0 2 
2 0 1 
0 3

0 0 2 
1 0 2 
2 1 0 
0 8

0 0 2 
1 0 2 
2 1 1 
5 0

0 0 2 
1 1 0 
0 0 2 
10 5

0 0 2 
1 1 0 
0 1 2 
1 5

0 0 2 
1 1 0 
0 2 0 
0 7

0 0 2 
1 1 0 
0 2 1 
5 0

0 0 2 
1 1 0 
0 2 2 
0 20

0 0 2 
1 1 0 
1 0 2 
5 2

0 0 2 
1 1 0 
1 2 0 
5 5

0 0 2 
1 1 0 
1 2 2 
5 21892

0 0 2 
1 1 0 
2 0 1 
5 362

0 0 2 
1 1 0 
2 0 2 
0 31

0 0 2 
1 1 0 
2 1 0 
43 5

0 0 2 
1 1 0 
2 1 2 
5 0

0 0 2 
1 1 0 
2 2 0 
11 5

0 0 2 
1 1 0 
2 2 1 
5 1

0 0 2 
1 1 1 
0 0 2 
0 5

0 0 2 
1 1 1 
0 2 0 
20 5

0 0 2 
1 1 1 
0 2 2 
0 9

0 0 2 
1 1 1 
1 2 2 
8 0

0 0 2 
1 1 1 
2 0 0 
5 868

0 0 2 
1 1 1 
2 0 2 
26 5

0 0 2 
1 1 1 
2 1 2 
5 5

0 0 2 
1 1 1 
2 2 0 
5 136

0 0 2 
1 1 1 
2 2 1 
377 5

0 0 2 
1 1 1 
2 2 2 
5 0

0 0 2 
1 1 2 
0 1 0 
668 5

0 0 2 
1 1 2 
0 2 0 
7 5

0 0 2 
1 1 2 
0 2 1 
0 6

0 0 2 
1 1 2 
1 2 0 
149 5

0 0 2 
1 1 2 
1 2 1 
49 5

0 0 2 
1 1 2 
2 0 0 
0 0

0 0 2 
1 1 2 
2 0 1 
2 0

0 0 2 
1 1 2 
2 1 0 
5 0

0 0 2 
1 1 2 
2 1 1 
0 67

0 0 2 
1 1 2 
2 2 1 
5 169

0 0 2 
1 2 0 
0 1 0 
0 5

0 0 2 
1 2 0 
0 1 1 
5 0

0 0 2 
1 2 0 
0 1 2 
5 623

0 0 2 
1 2 0 
0 2 1 
0 0

0 0 2 
1 2 0 
1 0 1 
5 3092

0 0 2 
1 2 0 
1 0 2 
2 5

0 0 2 
1 2 0 
1 1 0 
5 47

0 0 2 
1 2 0 
1 1 2 
0 6

0 0 2 
1 2 0 
1 2 0 
0 5

0 0 2 
1 2 0 
1 2 1 
0 32

0 0 2 
1 2 1 
0 0 2 
5 23

0 0 2 
1 2 1 
0 1 0 
5 134

0 0 2 
1 2 1 
0 1 2 
5 50

0 0 2 
1 2 1 
0 2 0 
5 827

0 0 2 
1 2 1 
0 2 1 
5 59

0 0 2 
1 2 1 
1 0 2 
5 80

0 0 2 
1 2 1 
1 1 2 
5 152

0 0 2 
1 2 1 
1 2 0 
5 41

0 0 2 
1 2 1 
1 2 1 
5 8543

0 0 2 
1 2 1 
1 2 2 
5 5

0 0 2 
1 2 2 
0 1 0 
128 5

0 0 2 
1 2 2 
0 1 1 
5 1

0 0 2 
1 2 2 
1 0 1 
362 5

0 0 2 
1 2 2 
1 1 0 
39 5

0 0 2 
1 2 2 
1 1 1 
0 29

0 0 2 
1 2 2 
1 2 1 
74 5

0 0 2 
2 0 0 
0 1 1 
5 5

0 0 2 
2 0 0 
1 0 1 
0 0

0 0 2 
2 0 0 
1 1 1 
5 1454

0 0 2 
2 0 0 
1 1 2 
50 5

0 0 2 
2 0 0 
1 2 1 
5 5

0 0 2 
2 0 0 
2 1 1 
0 0

0 0 2 
2 0 1 
0 1 0 
0 0

0 0 2 
2 0 1 
0 1 1 
5 13721

0 0 2 
2 0 1 
0 1 2 
104 5

0 0 2 
2 0 1 
0 2 1 
0 5

0 0 2 
2 0 1 
1 0 1 
0 1

0 0 2 
2 0 1 
1 0 2 
5 2

0 0 2 
2 0 1 
1 1 0 
41 5

0 0 2 
2 0 1 
1 1 2 
155 5

0 0 2 
2 0 1 
1 2 0 
5 149

0 0 2 
2 0 1 
1 2 1 
0 5

0 0 2 
2 0 1 
2 0 1 
5 35

0 0 2 
2 0 1 
2 1 0 
1 0

0 0 2 
2 0 1 
2 1 1 
2 5

0 0 2 
2 0 2 
0 1 1 
0 0

0 0 2 
2 0 2 
1 0 1 
17 5

0 0 2 
2 0 2 
1 1 0 
8 5

0 0 2 
2 0 2 
1 1 1 
62 5

0 0 2 
2 1 0 
0 1 1 
4 5

0 0 2 
2 1 0 
0 1 2 
5 0

0 0 2 
2 1 0 
0 2 1 
605 0

0 0 2 
2 1 0 
1 0 1 
55 5

0 0 2 
2 1 0 
1 0 2 
116 0

0 0 2 
2 1 0 
1 1 2 
0 58

0 0 2 
2 1 0 
1 2 0 
5 0

0 0 2 
2 1 0 
1 2 1 
0 0

0 0 2 
2 1 0 
2 0 1 
5 0

0 0 2 
2 1 0 
2 1 1 
0 5

0 0 2 
2 1 1 
0 0 2 
5 5

0 0 2 
2 1 1 
0 1 0 
296 5

0 0 2 
2 1 1 
0 1 2 
158 5

0 0 2 
2 1 1 
0 2 0 
5 5

0 0 2 
2 1 1 
0 2 1 
5 5

0 0 2 
2 1 1 
1 0 2 
77 5

0 0 2 
2 1 1 
1 1 2 
25 5

0 0 2 
2 1 1 
1 2 0 
0 2

0 0 2 
2 1 1 
1 2 1 
0 155

0 0 2 
2 1 1 
1 2 2 
0 7

0 0 2 
2 1 1 
2 0 1 
5 287

0 0 2 
2 1 1 
2 1 0 
149 5

0 0 2 
2 1 1 
2 1 1 
0 5

0 0 2 
2 1 1 
2 1 2 
80 5

0 0 2 
2 1 1 
2 2 1 
0 19

0 0 2 
2 1 2 
0 1 0 
0 5

0 0 2 
2 1 2 
0 1 1 
5 214325

0 0 2 
2 1 2 
1 0 1 
32 5

0 0 2 
2 1 2 
1 1 0 
6 5

0 0 2 
2 1 2 
1 1 1 
11 5

0 0 2 
2 1 2 
1 2 1 
3 4

0 0 2 
2 1 2 
2 1 1 
5 42

0 0 2 
2 2 0 
0 1 1 
5 5

0 0 2 
2 2 0 
1 0 1 
74 5

0 0 2 
2 2 0 
1 1 1 
5 21087

0 0 2 
2 2 1 
0 1 0 
14 5

0 0 2 
2 2 1 
0 1 1 
5 28

0 0 2 
2 2 1 
1 0 1 
5 0

0 0 2 
2 2 1 
1 1 0 
5 5

0 0 2 
2 2 1 
1 1 1 
0 0

0 0 2 
2 2 1 
1 1 2 
13 5

0 0 2 
2 2 1 
1 2 1 
41 5

0 1 0 
1 0 1 
0 2 2 
303 1

0 1 0 
1 0 1 
2 0 2 
0 5

0 1 0 
1 0 2 
0 2 0 
4 5

0 1 0 
1 0 2 
0 2 1 
5 5

0 1 0 
1 0 2 
0 2 2 
5 26

0 1 0 
1 0 2 
1 0 2 
5 2029

0 1 0 
1 0 2 
1 2 0 
0 5

0 1 0 
1 0 2 
1 2 2 
1 5

0 1 0 
1 0 2 
2 0 1 
5 230

0 1 0 
1 0 2 
2 0 2 
410 5

0 1 0 
1 0 2 
2 1 0 
0 0

0 1 0 
1 0 2 
2 1 2 
87 5

0 1 0 
1 0 2 
2 2 0 
0 0

0 1 0 
1 0 2 
2 2 1 
4 5

0 1 0 
1 1 1 
2 2 2 
0 1

0 1 0 
1 1 2 
0 2 0 
4 5

0 1 0 
1 1 2 
0 2 2 
5 33

0 1 0 
1 1 2 
1 2 2 
0 17

0 1 0 
1 1 2 
2 0 2 
101 5

0 1 0 
1 1 2 
2 1 2 
0 0

0 1 0 
1 1 2 
2 2 0 
5 0

0 1 0 
1 1 2 
2 2 1 
5 5

0 1 0 
1 2 1 
0 2 0 
0 5

0 1 0 
1 2 1 
0 2 2 
5 10463

0 1 0 
1 2 1 
1 2 2 
5 5

0 1 0 
1 2 1 
2 0 2 
0 71

0 1 0 
1 2 1 
2 1 2 
0 1

0 1 0 
1 2 2 
0 2 0 
5 0

0 1 0 
1 2 2 
0 2 1 
0 5

0 1 0 
1 2 2 
1 0 2 
0 5

0 1 0 
1 2 2 
1 1 2 
0 5

0 1 0 
1 2 2 
1 2 0 
0 74

0 1 0 
1 2 2 
1 2 1 
0 20

0 1 0 
1 2 2 
1 2 2 
0 0

0 1 0 
1 2 2 
2 0 1 
5 587

0 1 0 
1 2 2 
2 1 0 
161 5

0 1 0 
1 2 2 
2 1 1 
0 5

0 1 0 
1 2 2 
2 1 2 
0 5

0 1 0 
1 2 2 
2 2 1 
3 5

0 1 0 
2 0 2 
0 1 0 
0 5

0 1 0 
2 0 2 
0 1 1 
5 83

0 1 0 
2 0 2 
0 1 2 
33 5

0 1 0 
2 0 2 
0 2 1 
0 0

0 1 0 
2 0 2 
1 0 1 
0 22

0 1 0 
2 0 2 
1 0 2 
0 0

0 1 0 
2 0 2 
1 1 2 
5 443

0 1 0 
2 0 2 
1 2 1 
170 5

0 1 0 
2 1 2 
0 1 0 
5 5

0 1 0 
2 1 2 
0 1 2 
101 5

0 1 0 
2 1 2 
0 2 0 
5 5

0 1 0 
2 1 2 
0 2 1 
5 1

0 1 0 
2 1 2 
1 0 2 
5 0

0 1 0 
2 1 2 
1 1 2 
74 5

0 1 0 
2 1 2 
1 2 1 
3 0

0 1 0 
2 1 2 
1 2 2 
5 5

0 1 0 
2 1 2 
2 1 2 
61 5

0 1 1 
1 0 0 
2 0 2 
5 0

0 1 1 
1 0 2 
1 2 2 
5 14

0 1 1 
1 0 2 
2 0 2 
0 2

0 1 1 
1 0 2 
2 1 2 
5 5

0 1 1 
1 0 2 
2 2 0 
58 5

0 1 1 
1 0 2 
2 2 1 
5 32

0 1 1 
1 1 2 
2 0 2 
0 0

0 1 1 
1 1 2 
2 2 0 
5 5

0 1 1 
1 2 0 
1 2 2 
0 5

0 1 1 
1 2 0 
2 0 2 
5 5

0 1 1 
1 2 0 
2 1 2 
5 2

0 1 1 
1 2 0 
2 2 1 
17 0

0 1 1 
1 2 1 
2 0 2 
5 0

0 1 1 
1 2 1 
2 2 0 
0 0

0 1 1 
1 2 2 
1 2 0 
5 71

0 1 1 
1 2 2 
1 2 2 
10 0

0 1 1 
1 2 2 
2 0 1 
5 8

0 1 1 
1 2 2 
2 0 2 
74 5

0 1 1 
1 2 2 
2 1 0 
5 0

0 1 1 
1 2 2 
2 1 2 
56 0

0 1 1 
1 2 2 
2 2 0 
5 0

0 1 1 
1 2 2 
2 2 1 
212 1

0 1 1 
2 0 0 
0 1 2 
5 0

0 1 1 
2 0 0 
0 2 1 
20 5

0 1 1 
2 0 0 
0 2 2 
3 5

0 1 1 
2 0 0 
1 0 2 
0 5

0 1 1 
2 0 0 
1 2 2 
0 0

0 1 1 
2 0 0 
2 0 1 
5 0

0 1 1 
2 0 0 
2 0 2 
0 25

0 1 1 
2 0 0 
2 1 2 
5 5

0 1 1 
2 0 0 
2 2 1 
0 5

0 1 1 
2 0 1 
0 2 0 
0 0

0 1 1 
2 0 1 
0 2 2 
8 0

0 1 1 
2 0 1 
1 2 2 
5 0

0 1 1 
2 0 1 
2 0 2 
68 5

0 1 1 
2 0 1 
2 1 2 
5 5

0 1 1 
2 0 1 
2 2 0 
8 19

0 1 1 
2 0 1 
2 2 1 
5 0

0 1 1 
2 0 2 
0 1 2 
3 5

0 1 1 
2 0 2 
0 2 0 
17 5

0 1 1 
2 0 2 
0 2 1 
5 1

0 1 1 
2 0 2 
1 0 2 
38 5

0 1 1 
2 0 2 
1 1 2 
11 0

0 1 1 
2 0 2 
1 2 0 
4 1

0 1 1 
2 0 2 
1 2 1 
5 20

0 1 1 
2 0 2 
1 2 2 
5 71

0 1 1 
2 0 2 
2 0 1 
0 5

0 1 1 
2 0 2 
2 1 0 
0 5

0 1 1 
2 0 2 
2 1 1 
0 0

0 1 1 
2 0 2 
2 1 2 
5 10805

0 1 1 
2 0 2 
2 2 1 
5 113

0 1 1 
2 1 0 
0 2 2 
0 5

0 1 1 
2 1 0 
1 2 2 
5 5

0 1 1 
2 1 0 
2 0 2 
5 5

0 1 1 
2 1 0 
2 1 2 
59 5

0 1 1 
2 1 0 
2 2 1 
59 5

0 1 1 
2 1 1 
0 2 2 
5 5

0 1 1 
2 1 1 
2 0 2 
110 5

0 1 1 
2 1 1 
2 2 0 
41 5

0 1 1 
2 1 2 
0 1 2 
5 0

0 1 1 
2 1 2 
0 2 0 
365 5

0 1 1 
2 1 2 
0 2 1 
5 5

0 1 1 
2 1 2 
0 2 2 
5 305

0 1 1 
2 1 2 
1 0 2 
0 0

0 1 1 
2 1 2 
1 2 0 
5 437

0 1 1 
2 1 2 
1 2 2 
0 6

0 1 1 
2 1 2 
2 0 1 
5 602

0 1 1 
2 1 2 
2 0 2 
80 5

0 1 1 
2 1 2 
2 1 0 
5 5

0 1 1 
2 1 2 
2 1 2 
5 0

0 1 1 
2 1 2 
2 2 0 
5 0

0 1 1 
2 1 2 
2 2 1 
50 5

0 1 1 
2 2 0 
0 1 2 
5 0

0 1 1 
2 2 0 
0 2 1 
0 0

0 1 1 
2 2 0 
1 0 2 
5 0

0 1 1 
2 2 0 
1 1 2 
5 3338

0 1 1 
2 2 0 
1 2 1 
89 5

0 1 1 
2 2 0 
1 2 2 
5 0

0 1 1 
2 2 0 
2 0 1 
5 0

0 1 1 
2 2 0 
2 1 1 
188 5

0 1 1 
2 2 0 
2 1 2 
5 5

0 1 1 
2 2 0 
2 2 1 
0 3

0 1 1 
2 2 1 
0 1 2 
5 275

0 1 1 
2 2 1 
0 2 0 
3 5

0 1 1 
2 2 1 
0 2 1 
5 5

0 1 1 
2 2 1 
0 2 2 
0 0

0 1 1 
2 2 1 
1 0 2 
0 5

0 1 1 
2 2 1 
1 2 0 
0 5

0 1 1 
2 2 1 
1 2 2 
5 15569

0 1 1 
2 2 1 
2 0 1 
5 238

0 1 1 
2 2 1 
2 0 2 
1 5

0 1 1 
2 2 1 
2 1 2 
5 66

0 1 1 
2 2 1 
2 2 0 
0 29

0 1 1 
2 2 1 
2 2 1 
5 1

0 1 2 
1 0 0 
2 0 1 
15 5

0 1 2 
1 0 0 
2 0 2 
0 6

0 1 2 
1 0 0 
2 1 2 
0 5

0 1 2 
1 0 0 
2 2 1 
5 35

0 1 2 
1 0 1 
2 1 2 
0 2

0 1 2 
1 0 1 
2 2 0 
5 353

0 1 2 
1 0 1 
2 2 1 
0 0

0 1 2 
1 0 2 
2 2 1 
5 0

0 1 2 
1 1 0 
2 0 2 
5 0

0 1 2 
1 1 0 
2 1 2 
5 89

0 1 2 
1 1 0 
2 2 1 
53 5

0 1 2 
1 1 1 
2 2 0 
0 5

0 1 2 
1 1 1 
2 2 2 
10 5

0 1 2 
1 1 2 
2 2 0 
0 2

0 1 2 
1 1 2 
2 2 1 
0 0

0 1 2 
2 0 0 
0 1 2 
5 0

0 1 2 
2 0 0 
0 2 1 
0 3

0 1 2 
2 0 0 
1 0 1 
5 0

0 1 2 
2 0 0 
1 0 2 
0 5

0 1 2 
2 0 0 
1 1 2 
37 0

0 1 2 
2 0 0 
1 2 1 
0 3

0 1 2 
2 0 0 
2 0 1 
5 0

0 1 2 
2 0 0 
2 1 1 
1 5

0 1 2 
2 0 1 
0 1 2 
15 5

0 1 2 
2 0 1 
0 2 0 
0 0

0 1 2 
2 0 1 
0 2 1 
5 134

0 1 2 
2 0 1 
1 0 2 
0 0

0 1 2 
2 0 1 
1 1 2 
5 1397

0 1 2 
2 0 1 
1 2 0 
5 0

0 1 2 
2 0 1 
1 2 1 
110 5

0 1 2 
2 0 1 
1 2 2 
5 0

0 1 2 
2 0 1 
2 0 1 
5 0

0 1 2 
2 0 1 
2 1 1 
5 0

0 1 2 
2 0 1 
2 1 2 
62 5

0 1 2 
2 0 1 
2 2 1 
5 989

0 1 2 
2 0 2 
1 0 1 
0 35

0 1 2 
2 0 2 
1 1 1 
5 3278

0 1 2 
2 0 2 
1 2 1 
0 5

0 1 2 
2 0 2 
2 1 1 
5 1316

0 1 2 
2 1 0 
0 1 2 
5 89

0 1 2 
2 1 0 
0 2 1 
5 77

0 1 2 
2 1 0 
1 0 2 
5 0

0 1 2 
2 1 0 
1 1 2 
0 5

0 1 2 
2 1 0 
1 2 1 
5 194

0 1 2 
2 1 0 
1 2 2 
5 59

0 1 2 
2 1 0 
2 0 1 
0 5

0 1 2 
2 1 0 
2 1 1 
0 0

0 1 2 
2 1 0 
2 1 2 
0 3

0 1 2 
2 1 0 
2 2 1 
0 0

0 1 2 
2 1 1 
0 1 2 
1 0

0 1 2 
2 1 1 
0 2 0 
5 0

0 1 2 
2 1 1 
0 2 1 
5 0

0 1 2 
2 1 1 
0 2 2 
0 5

0 1 2 
2 1 1 
1 0 2 
0 2

0 1 2 
2 1 1 
1 2 0 
5 0

0 1 2 
2 1 1 
1 2 2 
0 5

0 1 2 
2 1 1 
2 0 1 
0 5

0 1 2 
2 1 1 
2 0 2 
5 0

0 1 2 
2 1 1 
2 1 2 
0 23

0 1 2 
2 1 1 
2 2 0 
5 56

0 1 2 
2 1 1 
2 2 1 
2 5

0 1 2 
2 1 2 
0 1 2 
5 0

0 1 2 
2 1 2 
0 2 1 
5 1019

0 1 2 
2 1 2 
1 0 1 
0 0

0 1 2 
2 1 2 
1 1 2 
5 59

0 1 2 
2 1 2 
1 2 0 
0 5

0 1 2 
2 1 2 
1 2 1 
0 0

0 1 2 
2 1 2 
2 0 1 
1 5

0 1 2 
2 1 2 
2 1 0 
5 83

0 1 2 
2 1 2 
2 1 1 
5 5

0 1 2 
2 2 0 
1 0 1 
86 5

0 1 2 
2 2 0 
1 1 1 
68 5

0 1 2 
2 2 0 
1 1 2 
5 5

0 1 2 
2 2 0 
1 2 1 
104 5

0 1 2 
2 2 1 
0 1 2 
5 5

0 1 2 
2 2 1 
0 2 1 
131 5

0 1 2 
2 2 1 
1 0 1 
26 5

0 1 2 
2 2 1 
1 0 2 
53 5

0 1 2 
2 2 1 
1 1 2 
194 5

0 1 2 
2 2 1 
1 2 0 
71 5

0 1 2 
2 2 1 
1 2 1 
104 5

0 2 0 
2 0 2 
1 0 1 
5 0

0 2 0 
2 0 2 
1 1 1 
5 5

0 2 0 
2 1 2 
1 0 1 
1 3

0 2 0 
2 1 2 
1 1 1 
0 0

0 2 0 
2 1 2 
1 1 2 
5 0

0 2 0 
2 1 2 
1 2 1 
1 1

0 2 1 
2 0 0 
1 0 1 
5 1

0 2 1 
2 0 0 
1 0 2 
14 5

0 2 1 
2 0 0 
1 1 2 
5 5

0 2 1 
2 0 0 
1 2 1 
0 2

0 2 1 
2 0 0 
2 0 1 
5 113

0 2 1 
2 0 0 
2 1 1 
5 1385

0 2 1 
2 0 1 
1 1 2 
53 5

0 2 1 
2 0 1 
1 2 1 
5 44

0 2 1 
2 0 1 
1 2 2 
5 5

0 2 1 
2 0 1 
2 0 1 
5 5

0 2 1 
2 0 1 
2 1 1 
0 5

0 2 1 
2 0 1 
2 1 2 
47 5

0 2 1 
2 0 1 
2 2 1 
5 5

0 2 1 
2 0 2 
1 2 1 
17 5

0 2 1 
2 0 2 
2 1 1 
164 5

0 2 1 
2 1 0 
1 0 2 
5 5

0 2 1 
2 1 0 
1 1 2 
323 5

0 2 1 
2 1 0 
1 2 1 
104 5

0 2 1 
2 1 0 
1 2 2 
86 5

0 2 1 
2 1 0 
2 0 1 
8 5

0 2 1 
2 1 0 
2 1 1 
17 5

0 2 1 
2 1 0 
2 1 2 
5 866

0 2 1 
2 1 0 
2 2 1 
35 5

0 2 1 
2 1 1 
1 2 2 
0 0

0 2 1 
2 1 1 
2 0 1 
0 5

0 2 1 
2 1 1 
2 0 2 
26 5

0 2 1 
2 1 1 
2 1 2 
0 3

0 2 1 
2 1 1 
2 2 1 
1 4

0 2 1 
2 1 2 
1 2 0 
5 5

0 2 1 
2 1 2 
1 2 1 
5 0

0 2 1 
2 1 2 
2 0 1 
5 0

0 2 1 
2 1 2 
2 1 1 
5 5

0 2 1 
2 2 0 
1 0 1 
5 5

0 2 1 
2 2 0 
1 1 1 
5 5

0 2 1 
2 2 0 
1 1 2 
5 5

0 2 1 
2 2 0 
2 1 1 
64 0

0 2 1 
2 2 1 
1 1 2 
5 0

0 2 1 
2 2 1 
2 0 1 
0 5

0 2 1 
2 2 1 
2 1 1 
65 5

0 2 2 
2 0 1 
2 1 1 
0 1

0 2 2 
2 1 0 
2 1 1 
5 5801

0 2 2 
2 1 1 
2 1 1 
35 5

1 0 1 
0 0 0 
1 2 2 
5 5

1 0 1 
0 0 0 
2 0 2 
1 5

1 0 1 
0 0 0 
2 1 2 
5 47

1 0 1 
0 0 1 
2 0 2 
0 0

1 0 1 
0 0 2 
1 2 2 
0 0

1 0 1 
0 0 2 
2 0 1 
5 17774

1 0 1 
0 0 2 
2 0 2 
5 737

1 0 1 
0 0 2 
2 1 2 
5 5

1 0 1 
0 0 2 
2 2 1 
0 2

1 0 1 
0 1 0 
2 0 2 
5 23324

1 0 1 
0 1 2 
1 2 2 
5 5

1 0 1 
0 1 2 
2 0 2 
0 5

1 0 1 
0 1 2 
2 1 2 
5 44

1 0 1 
0 1 2 
2 2 1 
5 0

1 0 1 
0 2 0 
1 0 2 
5 8

1 0 1 
0 2 0 
1 2 2 
5 5

1 0 1 
0 2 0 
2 0 2 
5 5

1 0 1 
0 2 0 
2 1 2 
5 5

1 0 1 
0 2 1 
1 2 2 
5 5

1 0 1 
0 2 1 
2 0 2 
5 0

1 0 1 
0 2 1 
2 1 2 
0 5

1 0 1 
0 2 1 
2 2 1 
5 62

1 0 1 
0 2 2 
1 2 1 
26 5

1 0 1 
0 2 2 
1 2 2 
0 0

1 0 1 
0 2 2 
2 0 1 
5 5

1 0 1 
0 2 2 
2 1 1 
0 5

1 0 1 
0 2 2 
2 1 2 
5 2489

1 0 1 
0 2 2 
2 2 1 
167 5

1 0 1 
1 0 2 
1 2 2 
5 5

1 0 1 
1 0 2 
2 0 2 
5 5

1 0 1 
1 0 2 
2 1 2 
0 5

1 0 1 
1 0 2 
2 2 1 
0 5

1 0 1 
1 1 2 
2 0 2 
5 5

1 0 1 
1 2 1 
2 0 2 
5 95

1 0 1 
1 2 2 
1 0 2 
0 2

1 0 1 
1 2 2 
1 2 2 
5 5408

1 0 1 
1 2 2 
2 0 1 
26 5

1 0 1 
1 2 2 
2 0 2 
5 5

1 0 1 
1 2 2 
2 1 2 
17 5

1 0 1 
1 2 2 
2 2 1 
17 5

1 0 1 
2 0 2 
1 0 2 
5 5

1 0 1 
2 0 2 
1 1 2 
5 8

1 0 1 
2 0 2 
1 2 1 
50 5

1 0 1 
2 0 2 
1 2 2 
5 0

1 0 1 
2 0 2 
2 1 2 
5 5

1 0 1 
2 1 2 
1 0 2 
5 5

1 0 1 
2 1 2 
1 2 2 
35 5

1 0 1 
2 1 2 
2 0 2 
62 5

1 0 1 
2 1 2 
2 1 2 
80 5

1 0 2 
0 0 0 
2 0 1 
5 5

1 0 2 
0 0 0 
2 1 1 
7 5

1 0 2 
0 0 0 
2 1 2 
5 8

1 0 2 
0 0 0 
2 2 1 
0 14

1 0 2 
0 0 1 
2 1 2 
5 50

1 0 2 
0 0 1 
2 2 1 
0 5

1 0 2 
0 1 0 
2 0 1 
0 5

1 0 2 
0 1 0 
2 0 2 
5 5

1 0 2 
0 1 0 
2 1 2 
5 638

1 0 2 
0 1 0 
2 2 1 
5 5

1 0 2 
0 1 1 
2 1 2 
0 0

1 0 2 
0 1 1 
2 2 1 
0 7

1 0 2 
0 1 2 
2 2 1 
5 5

1 0 2 
1 0 0 
1 0 2 
0 2

1 0 2 
1 0 0 
1 2 2 
5 5

1 0 2 
1 0 0 
2 0 2 
5 8003

1 0 2 
1 0 0 
2 1 2 
0 5

1 0 2 
1 0 0 
2 2 1 
5 11

1 0 2 
1 0 1 
1 2 2 
5 290

1 0 2 
1 0 1 
2 0 2 
17 5

1 0 2 
1 0 1 
2 1 2 
5 5

1 0 2 
1 0 1 
2 2 1 
4 5

1 0 2 
1 0 2 
1 0 2 
80 5

1 0 2 
1 0 2 
1 1 2 
5 41

1 0 2 
1 0 2 
1 2 1 
5 8117

1 0 2 
1 0 2 
1 2 2 
5 10520

1 0 2 
1 0 2 
2 0 1 
5 5

1 0 2 
1 0 2 
2 1 1 
0 1

1 0 2 
1 0 2 
2 2 1 
5 1

1 0 2 
1 1 0 
1 2 2 
149 5

1 0 2 
1 1 0 
2 0 2 
0 5

1 0 2 
1 1 0 
2 1 2 
5 59

1 0 2 
1 1 0 
2 2 1 
5 905

1 0 2 
1 1 1 
2 0 2 
149 5

1 0 2 
1 1 1 
2 2 2 
5 0

1 0 2 
1 1 2 
1 0 2 
5 35

1 0 2 
1 1 2 
1 2 2 
5 5

1 0 2 
1 1 2 
2 0 1 
5 23

1 0 2 
1 1 2 
2 2 1 
0 5

1 0 2 
1 2 0 
1 0 2 
0 0

1 0 2 
1 2 0 
1 1 2 
0 5

1 0 2 
1 2 0 
1 2 1 
5 45446

1 0 2 
1 2 0 
1 2 2 
116 5

1 0 2 
1 2 1 
1 0 2 
23 5

1 0 2 
1 2 1 
1 2 2 
0 5

1 0 2 
1 2 2 
1 0 2 
5 0

1 0 2 
1 2 2 
1 1 2 
5 5

1 0 2 
1 2 2 
1 2 1 
5 5

1 0 2 
2 0 0 
1 0 2 
5 62

1 0 2 
2 0 0 
1 1 2 
5 5

1 0 2 
2 0 0 
1 2 1 
5 5

1 0 2 
2 0 1 
1 0 2 
0 0

1 0 2 
2 0 1 
1 1 2 
5 890

1 0 2 
2 0 1 
1 2 1 
0 15

1 0 2 
2 0 1 
1 2 2 
5 86

1 0 2 
2 0 1 
2 1 1 
38 5

1 0 2 
2 0 1 
2 1 2 
5 0

1 0 2 
2 0 1 
2 2 1 
188 5

1 0 2 
2 0 2 
1 1 1 
0 11

1 0 2 
2 0 2 
1 2 1 
5 26492

1 0 2 
2 0 2 
2 1 1 
2 5

1 0 2 
2 1 0 
1 0 2 
0 8

1 0 2 
2 1 0 
1 1 2 
0 25

1 0 2 
2 1 0 
1 2 1 
5 0

1 0 2 
2 1 0 
1 2 2 
104 5

1 0 2 
2 1 0 
2 1 2 
5 5

1 0 2 
2 1 0 
2 2 1 
5 887

1 0 2 
2 1 1 
1 0 2 
0 0

1 0 2 
2 1 1 
1 2 2 
5 755

1 0 2 
2 1 1 
2 0 2 
5 6785

1 0 2 
2 1 1 
2 1 2 
140 5

1 0 2 
2 1 1 
2 2 1 
5 60905

1 0 2 
2 1 2 
1 2 1 
0 0

1 0 2 
2 1 2 
2 0 1 
0 5

1 0 2 
2 1 2 
2 1 1 
0 74

1 0 2 
2 2 0 
1 1 2 
5 0

1 0 2 
2 2 0 
1 2 1 
0 0

1 0 2 
2 2 1 
1 0 2 
5 341

1 0 2 
2 2 1 
1 1 2 
5 4529

1 0 2 
2 2 1 
1 2 1 
113 5

1 1 1 
1 0 2 
2 0 2 
5 0

1 1 1 
1 0 2 
2 2 2 
4 5

1 1 1 
1 1 2 
2 2 2 
0 0

1 1 1 
1 2 1 
2 2 2 
5 0

1 1 1 
1 2 2 
1 2 2 
0 5

1 1 1 
1 2 2 
2 0 2 
5 5

1 1 1 
1 2 2 
2 1 2 
5 5

1 1 1 
1 2 2 
2 2 1 
5 515

1 1 1 
1 2 2 
2 2 2 
0 0

1 1 1 
2 0 2 
1 2 2 
5 2327

1 1 1 
2 0 2 
2 0 2 
5 27851

1 1 1 
2 0 2 
2 1 2 
38 5

1 1 1 
2 1 2 
1 2 2 
5 0

1 1 1 
2 1 2 
2 0 2 
56 5

1 1 1 
2 1 2 
2 1 2 
5 0

1 1 1 
2 1 2 
2 2 2 
239 5

1 1 1 
2 2 2 
0 0 0 
5 82715

1 1 1 
2 2 2 
0 0 1 
5 71

1 1 1 
2 2 2 
0 0 2 
5 53354

1 1 1 
2 2 2 
0 1 0 
0 5

1 1 1 
2 2 2 
0 1 2 
0 5

1 1 1 
2 2 2 
0 2 0 
0 0

1 1 1 
2 2 2 
0 2 1 
0 0

1 1 1 
2 2 2 
1 0 2 
5 0

1 1 1 
2 2 2 
1 1 2 
5 0

1 1 1 
2 2 2 
1 2 1 
1 5

1 1 1 
2 2 2 
1 2 2 
5 5

1 1 1 
2 2 2 
2 1 2 
5 10997

1 1 2 
1 0 0 
2 0 2 
5 62

1 1 2 
1 0 0 
2 1 2 
5 5

1 1 2 
1 0 2 
2 2 1 
0 5

1 1 2 
1 1 0 
2 0 2 
5 5

1 1 2 
1 1 1 
2 2 2 
170 5

1 1 2 
1 1 2 
2 2 1 
116 5

1 1 2 
2 0 0 
1 1 2 
38 5

1 1 2 
2 0 0 
1 2 2 
13 17

1 1 2 
2 0 0 
2 1 2 
5 1

1 1 2 
2 0 1 
1 2 2 
11 5

1 1 2 
2 0 1 
2 0 2 
2 5

1 1 2 
2 0 1 
2 1 2 
0 3

1 1 2 
2 0 1 
2 2 1 
0 2

1 1 2 
2 0 2 
1 2 1 
5 5

1 1 2 
2 0 2 
2 1 1 
23 5

1 1 2 
2 1 0 
1 2 2 
0 0

1 1 2 
2 1 0 
2 0 2 
5 89

1 1 2 
2 1 0 
2 1 2 
5 188

1 1 2 
2 1 1 
1 2 2 
5 16625

1 1 2 
2 1 1 
2 0 2 
56 5

1 1 2 
2 1 1 
2 1 2 
5 5

1 1 2 
2 1 1 
2 2 1 
5 5

1 1 2 
2 1 2 
1 1 2 
206 5

1 1 2 
2 1 2 
1 2 1 
5 5

1 1 2 
2 1 2 
2 1 1 
17 5

1 1 2 
2 1 2 
2 1 2 
26 5

1 1 2 
2 1 2 
2 2 1 
5 96446

1 1 2 
2 2 0 
1 1 2 
5 68

1 1 2 
2 2 1 
1 1 2 
14 5

1 1 2 
2 2 1 
1 2 1 
92 3

1 1 2 
2 2 1 
1 2 2 
0 3

1 2 1 
2 0 2 
1 2 1 
5 16160

1 2 1 
2 1 2 
1 2 1 
0 1

1 2 1 
2 1 2 
1 2 2 
5 0

1 2 1 
2 1 2 
2 1 2 
5 0

1 2 2 
2 1 1 
2 1 2 
23 5

2 0 2 
0 1 1 
2 1 2 
5 5

2 0 2 
1 0 1 
2 1 2 
5 5

2 0 2 
1 1 1 
2 0 2 
5 5381

2 0 2 
1 1 1 
2 1 2 
5 5

2 1 2 
1 0 1 
2 1 2 
0 0

2 1 2 
1 1 1 
2 1 2 
5 0

2 1 2 
1 1 1 
2 2 2 
23 5

0 0 0 
0 0 0 
0 0 0 
0 0

0 0 0 
0 0 0 
0 0 0 
0 0

0 0 0 
0 0 0 
0 0 0 
0 0

