0 0 0
0 0 0
0 0 0
5 5

0 0 0
0 0 0
0 0 1
25 2783

0 0 0
0 0 0
0 0 2
2267 5

0 0 0
0 0 0
0 1 0
20 5890

0 0 0
0 0 0
0 1 2
0 0

0 0 0
0 0 0
0 2 0
3986 5

0 0 0
0 0 0
0 2 1
0 376

0 0 0
0 0 0
1 0 2
0 0

0 0 0
0 0 0
1 1 2
5 0

0 0 0
0 0 0
1 2 1
5 5

0 0 0
0 0 0
1 2 2
0 5

0 0 0
0 0 0
2 1 2
18 5

0 0 0
0 0 1
0 1 2
5 466

0 0 0
0 0 1
0 2 0
0 0

0 0 0
0 0 1
0 2 1
5 356

0 0 0
0 0 1
0 2 2
80 5

0 0 0
0 0 1
1 0 2
5 3065

0 0 0
0 0 1
1 2 0
5 52

0 0 0
0 0 1
1 2 2
0 7

0 0 0
0 0 1
2 0 0
0 0

0 0 0
0 0 1
2 0 1
5 352

0 0 0
0 0 1
2 0 2
689 5

0 0 0
0 0 1
2 1 0
5 0

0 0 0
0 0 1
2 1 2
0 0

0 0 0
0 0 1
2 2 0
32 5

0 0 0
0 0 1
2 2 1
0 25

0 0 0
0 0 2
0 2 1
434 5

0 0 0
0 0 2
1 0 0
0 0

0 0 0
0 0 2
1 0 1
5 26

0 0 0
0 0 2
1 0 2
1751 5

0 0 0
0 0 2
1 1 0
5 63

0 0 0
0 0 2
1 1 2
354 0

0 0 0
0 0 2
1 2 0
0 5

0 0 0
0 0 2
1 2 1
7 0

0 0 0
0 0 2
2 0 1
144 5

0 0 0
0 0 2
2 1 0
21 5

0 0 0
0 0 2
2 1 1
0 0

0 0 0
0 1 0
0 0 0
5 553

0 0 0
0 1 0
0 0 2
50 279

0 0 0
0 1 0
0 1 2
17 224

0 0 0
0 1 0
0 2 0
0 18

0 0 0
0 1 0
0 2 1
5 7

0 0 0
0 1 0
0 2 2
287 5

0 0 0
0 1 0
1 0 2
5 576

0 0 0
0 1 0
1 2 2
0 162

0 0 0
0 1 0
2 0 2
74 5

0 0 0
0 1 0
2 1 2
0 67

0 0 0
0 1 1
0 2 0
5 1298

0 0 0
0 1 1
0 2 2
0 0

0 0 0
0 1 1
1 2 2
5 122

0 0 0
0 1 1
2 0 0
5 0

0 0 0
0 1 1
2 0 2
0 0

0 0 0
0 1 1
2 1 2
5 131

0 0 0
0 1 1
2 2 0
0 0

0 0 0
0 1 1
2 2 1
5 118

0 0 0
0 1 1
2 2 2
140 5

0 0 0
0 1 2
0 2 0
35 5

0 0 0
0 1 2
0 2 1
8 37

0 0 0
0 1 2
1 0 0
5 17

0 0 0
0 1 2
1 0 2
0 0

0 0 0
0 1 2
1 1 2
5 0

0 0 0
0 1 2
1 2 0
4 14

0 0 0
0 1 2
1 2 1
5 8

0 0 0
0 1 2
1 2 2
0 5

0 0 0
0 1 2
2 0 0
252 5

0 0 0
0 1 2
2 0 1
0 35

0 0 0
0 1 2
2 1 0
0 23

0 0 0
0 1 2
2 1 1
5 235

0 0 0
0 1 2
2 1 2
0 5

0 0 0
0 1 2
2 2 1
0 5

0 0 0
0 2 0
0 0 0
258 5

0 0 0
0 2 0
0 0 1
97 10

0 0 0
0 2 0
0 1 0
125 0

0 0 0
0 2 0
0 1 1
8 222

0 0 0
0 2 0
0 1 2
157 5

0 0 0
0 2 0
0 2 1
334 5

0 0 0
0 2 0
1 0 1
5 0

0 0 0
0 2 0
1 0 2
60 5

0 0 0
0 2 0
1 1 2
75 0

0 0 0
0 2 0
1 2 1
110 0

0 0 0
0 2 1
0 1 0
5 183

0 0 0
0 2 1
0 1 2
8 0

0 0 0
0 2 1
0 2 0
61 5

0 0 0
0 2 1
0 2 1
0 0

0 0 0
0 2 1
1 0 0
5 373

0 0 0
0 2 1
1 0 2
0 0

0 0 0
0 2 1
1 1 2
5 0

0 0 0
0 2 1
1 2 0
55 0

0 0 0
0 2 1
1 2 1
5 0

0 0 0
0 2 1
1 2 2
40 5

0 0 0
0 2 1
2 0 0
15 5

0 0 0
0 2 1
2 0 1
0 6

0 0 0
0 2 1
2 1 0
46 0

0 0 0
0 2 1
2 1 1
5 0

0 0 0
0 2 1
2 1 2
35 5

0 0 0
0 2 1
2 2 1
19 5

0 0 0
0 2 2
1 0 0
605 5

0 0 0
0 2 2
1 0 1
0 0

0 0 0
0 2 2
1 1 0
0 0

0 0 0
0 2 2
1 1 1
5 167

0 0 0
0 2 2
1 1 2
66 5

0 0 0
0 2 2
1 2 1
201 5

0 0 0
0 2 2
2 1 1
62 5

0 0 0
1 0 1
0 0 2
5 0

0 0 0
1 0 1
0 2 0
5 16

0 0 0
1 0 1
0 2 2
2 6

0 0 0
1 0 1
1 2 2
5 47

0 0 0
1 0 1
2 0 2
0 0

0 0 0
1 0 1
2 1 2
5 16

0 0 0
1 0 1
2 2 2
137 5

0 0 0
1 0 2
0 0 0
0 8

0 0 0
1 0 2
0 0 1
5 29

0 0 0
1 0 2
0 0 2
80 5

0 0 0
1 0 2
0 1 0
5 46

0 0 0
1 0 2
0 1 2
1 0

0 0 0
1 0 2
0 2 0
239 5

0 0 0
1 0 2
0 2 1
6 19

0 0 0
1 0 2
1 0 0
5 11

0 0 0
1 0 2
1 0 2
0 0

0 0 0
1 0 2
1 1 2
5 0

0 0 0
1 0 2
1 2 0
0 0

0 0 0
1 0 2
1 2 1
5 5

0 0 0
1 0 2
1 2 2
2 5

0 0 0
1 0 2
2 0 0
64 5

0 0 0
1 0 2
2 0 1
0 16

0 0 0
1 0 2
2 1 0
0 0

0 0 0
1 0 2
2 1 1
5 23

0 0 0
1 0 2
2 1 2
17 5

0 0 0
1 0 2
2 2 1
24 5

0 0 0
1 1 1
0 2 2
5 419

0 0 0
1 1 1
2 0 2
5 65

0 0 0
1 1 1
2 2 2
5 5

0 0 0
1 1 2
0 0 0
5 11

0 0 0
1 1 2
0 0 2
36 0

0 0 0
1 1 2
0 1 2
5 11

0 0 0
1 1 2
0 2 0
0 0

0 0 0
1 1 2
0 2 1
5 17

0 0 0
1 1 2
0 2 2
56 5

0 0 0
1 1 2
1 0 2
5 2

0 0 0
1 1 2
1 2 0
5 172

0 0 0
1 1 2
1 2 2
0 0

0 0 0
1 1 2
2 0 0
13 0

0 0 0
1 1 2
2 0 1
17 17

0 0 0
1 1 2
2 0 2
116 5

0 0 0
1 1 2
2 1 0
5 63

0 0 0
1 1 2
2 1 2
0 0

0 0 0
1 1 2
2 2 0
6 5

0 0 0
1 1 2
2 2 1
0 20

0 0 0
1 2 1
0 0 0
5 0

0 0 0
1 2 1
0 0 2
508 0

0 0 0
1 2 1
0 1 2
5 0

0 0 0
1 2 1
0 2 0
32 0

0 0 0
1 2 1
0 2 1
5 0

0 0 0
1 2 1
0 2 2
8 5

0 0 0
1 2 1
1 0 2
5 0

0 0 0
1 2 1
1 2 2
0 0

0 0 0
1 2 1
2 0 2
170 5

0 0 0
1 2 1
2 1 2
44 0

0 0 0
1 2 2
0 0 0
19 5

0 0 0
1 2 2
0 0 1
0 108

0 0 0
1 2 2
0 1 0
0 0

0 0 0
1 2 2
0 1 1
5 2

0 0 0
1 2 2
0 1 2
23 5

0 0 0
1 2 2
0 2 1
78 5

0 0 0
1 2 2
1 0 0
0 56

0 0 0
1 2 2
1 0 1
5 101

0 0 0
1 2 2
1 0 2
0 5

0 0 0
1 2 2
1 1 0
5 31

0 0 0
1 2 2
1 1 2
1 0

0 0 0
1 2 2
1 2 0
0 5

0 0 0
1 2 2
1 2 1
0 0

0 0 0
1 2 2
2 0 1
32 5

0 0 0
1 2 2
2 1 0
11 5

0 0 0
1 2 2
2 1 1
17 0

0 0 0
2 0 2
0 0 1
0 5

0 0 0
2 0 2
0 1 0
5 5

0 0 0
2 0 2
0 1 1
0 10

0 0 0
2 0 2
1 0 1
9 2

0 0 0
2 0 2
1 1 1
5 32

0 0 0
2 0 2
1 1 2
6 5

0 0 0
2 0 2
1 2 1
5 5

0 0 0
2 1 2
0 0 0
0 5

0 0 0
2 1 2
0 0 1
3 242

0 0 0
2 1 2
0 1 0
0 5

0 0 0
2 1 2
0 1 1
5 219

0 0 0
2 1 2
0 1 2
0 5

0 0 0
2 1 2
0 2 1
0 5

0 0 0
2 1 2
1 0 1
5 8

0 0 0
2 1 2
1 0 2
0 5

0 0 0
2 1 2
1 1 2
0 10

0 0 0
2 1 2
1 2 1
4 23

0 0 0
2 2 2
0 1 1
128 5

0 0 0
2 2 2
1 0 1
35 5

0 0 0
2 2 2
1 1 1
5 5

0 0 1
0 0 0
1 0 2
5 263

0 0 1
0 0 0
1 2 0
5 11

0 0 1
0 0 0
1 2 2
0 0

0 0 1
0 0 0
2 0 0
0 0

0 0 1
0 0 0
2 0 1
5 977

0 0 1
0 0 0
2 0 2
497 5

0 0 1
0 0 0
2 1 0
5 347

0 0 1
0 0 0
2 1 2
0 0

0 0 1
0 0 0
2 2 0
13 5

0 0 1
0 0 0
2 2 1
0 395

0 0 1
0 0 1
1 2 2
5 0

0 0 1
0 0 1
2 0 0
5 12

0 0 1
0 0 1
2 0 2
37 0

0 0 1
0 0 1
2 1 2
5 0

0 0 1
0 0 1
2 2 0
9 3

0 0 1
0 0 1
2 2 1
5 32

0 0 1
0 0 1
2 2 2
215 5

0 0 1
0 0 2
1 2 0
5 5

0 0 1
0 0 2
1 2 1
5 4

0 0 1
0 0 2
1 2 2
1 5

0 0 1
0 0 2
2 0 0
265 5

0 0 1
0 0 2
2 0 1
0 0

0 0 1
0 0 2
2 1 0
0 0

0 0 1
0 0 2
2 1 1
5 2

0 0 1
0 0 2
2 1 2
4 5

0 0 1
0 0 2
2 2 1
0 5

0 0 1
0 1 0
1 2 2
5 464

0 0 1
0 1 0
2 0 0
5 16

0 0 1
0 1 0
2 0 2
66 0

0 0 1
0 1 0
2 1 2
5 75

0 0 1
0 1 0
2 2 0
20 0

0 0 1
0 1 0
2 2 1
5 17

0 0 1
0 1 0
2 2 2
512 5

0 0 1
0 1 1
2 0 2
5 0

0 0 1
0 1 1
2 2 0
5 7

0 0 1
0 1 1
2 2 2
155 5

0 0 1
0 1 2
1 2 0
5 5

0 0 1
0 1 2
1 2 2
5 176

0 0 1
0 1 2
2 0 0
2 4

0 0 1
0 1 2
2 0 1
5 16

0 0 1
0 1 2
2 0 2
40 5

0 0 1
0 1 2
2 1 0
5 8

0 0 1
0 1 2
2 1 2
0 29

0 0 1
0 1 2
2 2 0
41 5

0 0 1
0 1 2
2 2 1
2 8

0 0 1
0 2 0
1 0 0
25 82

0 0 1
0 2 0
1 0 2
0 0

0 0 1
0 2 0
1 1 2
5 0

0 0 1
0 2 0
1 2 0
34 0

0 0 1
0 2 0
1 2 1
5 0

0 0 1
0 2 0
1 2 2
523 5

0 0 1
0 2 0
2 0 0
15 5

0 0 1
0 2 0
2 0 1
0 30

0 0 1
0 2 0
2 1 0
0 0

0 0 1
0 2 0
2 1 1
8 57

0 0 1
0 2 0
2 1 2
5 5

0 0 1
0 2 0
2 2 1
0 5

0 0 1
0 2 1
1 2 0
5 0

0 0 1
0 2 1
1 2 2
154 0

0 0 1
0 2 1
2 0 0
0 7

0 0 1
0 2 1
2 0 1
5 95

0 0 1
0 2 1
2 0 2
29 5

0 0 1
0 2 1
2 1 0
5 48

0 0 1
0 2 1
2 1 2
13 0

0 0 1
0 2 1
2 2 0
16 5

0 0 1
0 2 1
2 2 1
5 59

0 0 1
0 2 2
1 2 0
5 5

0 0 1
0 2 2
1 2 1
50 0

0 0 1
0 2 2
2 0 1
23 5

0 0 1
0 2 2
2 1 0
11 5

0 0 1
0 2 2
2 1 1
26 0

0 0 1
1 0 0
0 0 2
5 162

0 0 1
1 0 0
0 2 0
5 119

0 0 1
1 0 0
0 2 2
0 0

0 0 1
1 0 0
1 2 2
5 35

0 0 1
1 0 0
2 0 2
32 0

0 0 1
1 0 0
2 1 2
5 43

0 0 1
1 0 0
2 2 0
0 1

0 0 1
1 0 0
2 2 1
5 815

0 0 1
1 0 0
2 2 2
263 5

0 0 1
1 0 1
0 2 2
5 0

0 0 1
1 0 1
2 0 2
5 0

0 0 1
1 0 1
2 2 0
5 8

0 0 1
1 0 1
2 2 2
107 5

0 0 1
1 0 2
0 0 2
3 73

0 0 1
1 0 2
0 1 2
5 41

0 0 1
1 0 2
0 2 0
2 7

0 0 1
1 0 2
0 2 1
5 5

0 0 1
1 0 2
0 2 2
0 5

0 0 1
1 0 2
1 0 2
5 20

0 0 1
1 0 2
1 2 0
5 14

0 0 1
1 0 2
1 2 2
1 82

0 0 1
1 0 2
2 0 0
0 1

0 0 1
1 0 2
2 0 1
5 8

0 0 1
1 0 2
2 0 2
25 5

0 0 1
1 0 2
2 1 0
5 5

0 0 1
1 0 2
2 1 2
0 4

0 0 1
1 0 2
2 2 0
14 5

0 0 1
1 0 2
2 2 1
0 4

0 0 1
1 1 0
0 2 2
5 6

0 0 1
1 1 0
2 0 2
5 0

0 0 1
1 1 0
2 2 0
5 0

0 0 1
1 1 0
2 2 2
86 5

0 0 1
1 1 1
2 2 2
5 5

0 0 1
1 1 2
0 0 2
5 13

0 0 1
1 1 2
0 2 0
5 3

0 0 1
1 1 2
0 2 2
9 0

0 0 1
1 1 2
1 2 2
5 71

0 0 1
1 1 2
2 0 0
5 1

0 0 1
1 1 2
2 0 2
11 0

0 0 1
1 1 2
2 1 2
5 8

0 0 1
1 1 2
2 2 0
19 0

0 0 1
1 1 2
2 2 1
5 8

0 0 1
1 1 2
2 2 2
56 5

0 0 1
1 2 0
0 0 2
0 0

0 0 1
1 2 0
0 1 2
5 0

0 0 1
1 2 0
0 2 0
18 0

0 0 1
1 2 0
0 2 1
5 0

0 0 1
1 2 0
0 2 2
17 5

0 0 1
1 2 0
1 0 2
5 2

0 0 1
1 2 0
1 2 0
5 0

0 0 1
1 2 0
1 2 2
3 0

0 0 1
1 2 0
2 0 1
5 604

0 0 1
1 2 0
2 0 2
28 5

0 0 1
1 2 0
2 1 0
5 5

0 0 1
1 2 0
2 1 2
5 0

0 0 1
1 2 0
2 2 0
29 5

0 0 1
1 2 0
2 2 1
0 0

0 0 1
1 2 1
0 0 2
5 0

0 0 1
1 2 1
0 2 0
5 0

0 0 1
1 2 1
0 2 2
47 0

0 0 1
1 2 1
1 2 2
5 0

0 0 1
1 2 1
2 0 0
5 0

0 0 1
1 2 1
2 0 2
230 0

0 0 1
1 2 1
2 1 2
5 0

0 0 1
1 2 1
2 2 0
2 2

0 0 1
1 2 1
2 2 1
5 326

0 0 1
1 2 1
2 2 2
32 5

0 0 1
1 2 2
0 0 1
5 0

0 0 1
1 2 2
0 0 2
0 5

0 0 1
1 2 2
0 1 0
5 160

0 0 1
1 2 2
0 1 2
0 1

0 0 1
1 2 2
0 2 0
55 5

0 0 1
1 2 2
0 2 1
23 0

0 0 1
1 2 2
1 0 0
25 95

0 0 1
1 2 2
1 0 2
0 0

0 0 1
1 2 2
1 1 2
5 0

0 0 1
1 2 2
1 2 0
0 0

0 0 1
1 2 2
1 2 1
5 0

0 0 1
1 2 2
1 2 2
0 5

0 0 1
1 2 2
2 0 0
1 5

0 0 1
1 2 2
2 0 1
0 3

0 0 1
1 2 2
2 1 0
5 5

0 0 1
1 2 2
2 1 1
8 5

0 0 1
1 2 2
2 1 2
20 5

0 0 1
1 2 2
2 2 1
8 5

0 0 1
2 0 0
0 0 1
5 7

0 0 1
2 0 0
0 0 2
67 5

0 0 1
2 0 0
0 1 2
0 3

0 0 1
2 0 0
0 2 0
96 5

0 0 1
2 0 0
0 2 1
3 38

0 0 1
2 0 0
1 0 2
1 0

0 0 1
2 0 0
1 1 2
5 0

0 0 1
2 0 0
1 2 0
4 0

0 0 1
2 0 0
1 2 1
5 5

0 0 1
2 0 0
1 2 2
0 5

0 0 1
2 0 0
2 0 1
0 0

0 0 1
2 0 0
2 1 1
5 0

0 0 1
2 0 0
2 1 2
8 5

0 0 1
2 0 0
2 2 1
0 5

0 0 1
2 0 1
0 0 2
3 0

0 0 1
2 0 1
0 1 2
5 4

0 0 1
2 0 1
0 2 0
7 0

0 0 1
2 0 1
0 2 1
5 14

0 0 1
2 0 1
0 2 2
209 5

0 0 1
2 0 1
1 0 2
5 46

0 0 1
2 0 1
1 2 0
5 10

0 0 1
2 0 1
1 2 2
0 0

0 0 1
2 0 1
2 0 0
5 0

0 0 1
2 0 1
2 0 1
5 242

0 0 1
2 0 1
2 0 2
17 5

0 0 1
2 0 1
2 1 0
5 4

0 0 1
2 0 1
2 1 2
5 4

0 0 1
2 0 1
2 2 0
7 5

0 0 1
2 0 1
2 2 1
5 68

0 0 1
2 0 2
0 0 1
8 1

0 0 1
2 0 2
0 1 0
8 7

0 0 1
2 0 2
0 1 1
5 2

0 0 1
2 0 2
0 1 2
10 5

0 0 1
2 0 2
0 2 1
5 5

0 0 1
2 0 2
1 0 0
4 6

0 0 1
2 0 2
1 0 1
5 3

0 0 1
2 0 2
1 0 2
6 5

0 0 1
2 0 2
1 1 0
5 6

0 0 1
2 0 2
1 1 2
7 13

0 0 1
2 0 2
1 2 0
0 5

0 0 1
2 0 2
1 2 1
8 1

0 0 1
2 0 2
2 0 1
55 5

0 0 1
2 0 2
2 1 0
11 5

0 0 1
2 0 2
2 1 1
52 0

0 0 1
2 1 0
0 0 2
0 0

0 0 1
2 1 0
0 1 2
5 545

0 0 1
2 1 0
0 2 0
5 0

0 0 1
2 1 0
0 2 1
5 8

0 0 1
2 1 0
0 2 2
0 5

0 0 1
2 1 0
1 0 2
5 44

0 0 1
2 1 0
1 2 0
5 5

0 0 1
2 1 0
1 2 2
5 50

0 0 1
2 1 0
2 0 1
5 8

0 0 1
2 1 0
2 0 2
135 5

0 0 1
2 1 0
2 1 2
0 0

0 0 1
2 1 0
2 2 0
42 5

0 0 1
2 1 0
2 2 1
0 0

0 0 1
2 1 1
0 0 2
5 0

0 0 1
2 1 1
0 2 0
5 119

0 0 1
2 1 1
0 2 2
1 0

0 0 1
2 1 1
1 2 2
5 113

0 0 1
2 1 1
2 0 0
5 3

0 0 1
2 1 1
2 0 2
26 0

0 0 1
2 1 1
2 1 2
5 0

0 0 1
2 1 1
2 2 0
2 0

0 0 1
2 1 1
2 2 1
5 101

0 0 1
2 1 1
2 2 2
92 5

0 0 1
2 1 2
0 0 1
5 5

0 0 1
2 1 2
0 0 2
0 5

0 0 1
2 1 2
0 1 0
5 148

0 0 1
2 1 2
0 1 2
0 17

0 0 1
2 1 2
0 2 0
0 5

0 0 1
2 1 2
0 2 1
4 77

0 0 1
2 1 2
1 0 0
5 5

0 0 1
2 1 2
1 0 2
5 182

0 0 1
2 1 2
1 1 2
5 182

0 0 1
2 1 2
1 2 0
5 107

0 0 1
2 1 2
1 2 1
5 8

0 0 1
2 1 2
1 2 2
5 5

0 0 1
2 1 2
2 0 0
0 5

0 0 1
2 1 2
2 0 1
1 0

0 0 1
2 1 2
2 1 0
0 1

0 0 1
2 1 2
2 1 1
5 0

0 0 1
2 1 2
2 1 2
0 5

0 0 1
2 1 2
2 2 1
0 5

0 0 1
2 2 0
0 0 1
14 0

0 0 1
2 2 0
0 1 1
5 0

0 0 1
2 2 0
0 1 2
14 5

0 0 1
2 2 0
0 2 1
1 5

0 0 1
2 2 0
1 0 1
5 0

0 0 1
2 2 0
1 0 2
65 5

0 0 1
2 2 0
1 1 2
32 0

0 0 1
2 2 0
1 2 0
269 5

0 0 1
2 2 0
1 2 1
3 0

0 0 1
2 2 0
2 0 1
0 5

0 0 1
2 2 0
2 1 1
0 0

0 0 1
2 2 1
0 0 1
5 32

0 0 1
2 2 1
0 0 2
108 5

0 0 1
2 2 1
0 1 0
5 44

0 0 1
2 2 1
0 1 2
16 0

0 0 1
2 2 1
0 2 0
0 5

0 0 1
2 2 1
0 2 1
5 122

0 0 1
2 2 1
1 0 2
15 0

0 0 1
2 2 1
1 1 2
5 0

0 0 1
2 2 1
1 2 0
0 0

0 0 1
2 2 1
1 2 1
5 53

0 0 1
2 2 1
1 2 2
284 5

0 0 1
2 2 1
2 0 0
0 5

0 0 1
2 2 1
2 0 1
5 125

0 0 1
2 2 1
2 1 0
0 2

0 0 1
2 2 1
2 1 1
5 53

0 0 1
2 2 1
2 1 2
11 5

0 0 1
2 2 1
2 2 1
5 5

0 0 1
2 2 2
0 0 1
464 5

0 0 1
2 2 2
0 1 0
20 5

0 0 1
2 2 2
0 1 1
92 5

0 0 1
2 2 2
1 0 0
11 5

0 0 1
2 2 2
1 0 1
65 5

0 0 1
2 2 2
1 1 0
38 5

0 0 1
2 2 2
1 1 1
5 5

0 0 1
2 2 2
1 1 2
71 5

0 0 1
2 2 2
1 2 1
158 5

0 0 1
2 2 2
2 1 1
56 5

0 0 2
0 0 0
2 0 1
11 5

0 0 2
0 0 0
2 1 0
134 5

0 0 2
0 0 0
2 1 1
0 1

0 0 2
0 0 1
2 1 0
15 9

0 0 2
0 0 1
2 1 1
5 1

0 0 2
0 0 1
2 1 2
18 5

0 0 2
0 0 1
2 2 1
7 5

0 0 2
0 1 0
2 0 0
89 5

0 0 2
0 1 0
2 0 1
0 0

0 0 2
0 1 0
2 1 0
0 40

0 0 2
0 1 0
2 1 1
5 270

0 0 2
0 1 0
2 1 2
0 5

0 0 2
0 1 0
2 2 1
0 5

0 0 2
0 1 1
2 1 0
5 16

0 0 2
0 1 1
2 1 2
0 20

0 0 2
0 1 1
2 2 0
0 5

0 0 2
0 1 1
2 2 1
0 26

0 0 2
0 2 0
2 1 1
23 5

0 0 2
0 2 1
2 1 0
5 5

0 0 2
0 2 1
2 1 1
35 5

0 0 2
1 0 0
0 0 2
32 5

0 0 2
1 0 0
0 1 0
5 7

0 0 2
1 0 0
0 1 2
240 0

0 0 2
1 0 0
0 2 0
11 5

0 0 2
1 0 0
0 2 1
7 0

0 0 2
1 0 0
1 0 2
0 0

0 0 2
1 0 0
1 1 2
5 0

0 0 2
1 0 0
1 2 0
0 0

0 0 2
1 0 0
1 2 1
5 48

0 0 2
1 0 0
1 2 2
2 5

0 0 2
1 0 0
2 0 1
0 2

0 0 2
1 0 0
2 1 0
0 1

0 0 2
1 0 0
2 1 1
5 0

0 0 2
1 0 0
2 1 2
167 5

0 0 2
1 0 0
2 2 1
14 5

0 0 2
1 0 1
0 0 2
7 14

0 0 2
1 0 1
0 1 2
5 0

0 0 2
1 0 1
0 2 0
13 7

0 0 2
1 0 1
0 2 1
5 13

0 0 2
1 0 1
0 2 2
3 5

0 0 2
1 0 1
1 0 2
5 516

0 0 2
1 0 1
1 2 0
5 56

0 0 2
1 0 1
1 2 2
0 8

0 0 2
1 0 1
2 0 0
13 53

0 0 2
1 0 1
2 0 1
5 9

0 0 2
1 0 1
2 0 2
0 5

0 0 2
1 0 1
2 1 0
5 3

0 0 2
1 0 1
2 1 2
3 0

0 0 2
1 0 1
2 2 0
12 5

0 0 2
1 0 1
2 2 1
0 4

0 0 2
1 0 2
0 1 0
50 0

0 0 2
1 0 2
0 1 1
5 7

0 0 2
1 0 2
0 1 2
59 5

0 0 2
1 0 2
0 2 1
0 5

0 0 2
1 0 2
1 0 1
5 7

0 0 2
1 0 2
1 0 2
311 5

0 0 2
1 0 2
1 1 0
5 16

0 0 2
1 0 2
1 1 2
128 5

0 0 2
1 0 2
1 2 0
2 5

0 0 2
1 0 2
1 2 1
2 10

0 0 2
1 0 2
2 0 1
43 5

0 0 2
1 0 2
2 1 0
16 5

0 0 2
1 0 2
2 1 1
7 0

0 0 2
1 1 0
0 0 2
4 0

0 0 2
1 1 0
0 1 2
5 0

0 0 2
1 1 0
0 2 0
6 86

0 0 2
1 1 0
0 2 1
5 68

0 0 2
1 1 0
0 2 2
0 5

0 0 2
1 1 0
1 0 2
5 0

0 0 2
1 1 0
1 2 0
5 44

0 0 2
1 1 0
1 2 2
0 0

0 0 2
1 1 0
2 0 1
5 938

0 0 2
1 1 0
2 0 2
0 5

0 0 2
1 1 0
2 1 0
5 352

0 0 2
1 1 0
2 1 2
0 0

0 0 2
1 1 0
2 2 0
0 5

0 0 2
1 1 0
2 2 1
0 5

0 0 2
1 1 1
0 0 2
5 35

0 0 2
1 1 1
0 2 0
5 113

0 0 2
1 1 1
0 2 2
5 110

0 0 2
1 1 1
1 2 2
5 119

0 0 2
1 1 1
2 0 0
5 38

0 0 2
1 1 1
2 0 2
5 101

0 0 2
1 1 1
2 1 2
5 233

0 0 2
1 1 1
2 2 0
5 92

0 0 2
1 1 1
2 2 1
5 125

0 0 2
1 1 1
2 2 2
5 5

0 0 2
1 1 2
0 0 2
80 5

0 0 2
1 1 2
0 1 0
5 2

0 0 2
1 1 2
0 1 2
95 5

0 0 2
1 1 2
0 2 0
77 5

0 0 2
1 1 2
0 2 1
6 28

0 0 2
1 1 2
1 0 2
92 5

0 0 2
1 1 2
1 1 2
5 5

0 0 2
1 1 2
1 2 0
0 0

0 0 2
1 1 2
1 2 1
5 5

0 0 2
1 1 2
1 2 2
59 5

0 0 2
1 1 2
2 0 0
60 5

0 0 2
1 1 2
2 0 1
0 28

0 0 2
1 1 2
2 1 0
0 0

0 0 2
1 1 2
2 1 1
5 221

0 0 2
1 1 2
2 1 2
107 5

0 0 2
1 1 2
2 2 1
0 5

0 0 2
1 2 0
0 1 0
0 3

0 0 2
1 2 0
0 1 1
5 6

0 0 2
1 2 0
0 1 2
13 5

0 0 2
1 2 0
0 2 1
31 5

0 0 2
1 2 0
1 0 1
5 243

0 0 2
1 2 0
1 0 2
7 5

0 0 2
1 2 0
1 1 0
5 113

0 0 2
1 2 0
1 1 2
0 0

0 0 2
1 2 0
1 2 0
2 5

0 0 2
1 2 0
1 2 1
0 0

0 0 2
1 2 0
2 0 1
11 5

0 0 2
1 2 0
2 1 0
20 5

0 0 2
1 2 0
2 1 1
113 5

0 0 2
1 2 1
0 0 2
8 5

0 0 2
1 2 1
0 1 0
5 0

0 0 2
1 2 1
0 1 2
170 0

0 0 2
1 2 1
0 2 0
20 5

0 0 2
1 2 1
0 2 1
80 0

0 0 2
1 2 1
1 0 2
0 4

0 0 2
1 2 1
1 1 2
5 0

0 0 2
1 2 1
1 2 0
0 1

0 0 2
1 2 1
1 2 1
5 0

0 0 2
1 2 1
1 2 2
4 5

0 0 2
1 2 1
2 0 0
47 5

0 0 2
1 2 1
2 0 1
254 5

0 0 2
1 2 1
2 1 0
173 5

0 0 2
1 2 1
2 1 1
5 5

0 0 2
1 2 1
2 1 2
185 5

0 0 2
1 2 1
2 2 1
41 5

0 0 2
1 2 2
0 1 0
16 5

0 0 2
1 2 2
0 1 1
6 1

0 0 2
1 2 2
1 0 1
0 293

0 0 2
1 2 2
1 1 0
0 6

0 0 2
1 2 2
1 1 1
5 62

0 0 2
1 2 2
1 1 2
32 5

0 0 2
1 2 2
1 2 1
0 5

0 0 2
1 2 2
2 1 1
56 5

0 0 2
2 0 0
0 1 1
0 16

0 0 2
2 0 0
1 0 1
0 99

0 0 2
2 0 0
1 1 1
5 29

0 0 2
2 0 0
1 1 2
225 5

0 0 2
2 0 0
1 2 1
50 5

0 0 2
2 0 0
2 1 1
38 5

0 0 2
2 0 1
0 1 0
35 0

0 0 2
2 0 1
0 1 1
5 15

0 0 2
2 0 1
0 1 2
7 5

0 0 2
2 0 1
0 2 1
74 5

0 0 2
2 0 1
1 0 1
5 14

0 0 2
2 0 1
1 0 2
11 5

0 0 2
2 0 1
1 1 0
5 23

0 0 2
2 0 1
1 1 2
4 0

0 0 2
2 0 1
1 2 0
17 5

0 0 2
2 0 1
1 2 1
5 0

0 0 2
2 0 1
2 0 1
89 5

0 0 2
2 0 1
2 1 0
22 5

0 0 2
2 0 1
2 1 1
71 0

0 0 2
2 0 2
0 1 1
7 5

0 0 2
2 0 2
1 0 1
0 5

0 0 2
2 0 2
1 1 0
3 5

0 0 2
2 0 2
1 1 1
5 74

0 0 2
2 1 0
0 1 1
5 46

0 0 2
2 1 0
0 1 2
0 5

0 0 2
2 1 0
0 2 1
0 5

0 0 2
2 1 0
1 0 1
5 41

0 0 2
2 1 0
1 0 2
49 5

0 0 2
2 1 0
1 1 2
0 0

0 0 2
2 1 0
1 2 0
1 5

0 0 2
2 1 0
1 2 1
5 20

0 0 2
2 1 0
2 0 1
1 5

0 0 2
2 1 0
2 1 1
0 0

0 0 2
2 1 1
0 0 2
3 5

0 0 2
2 1 1
0 1 0
5 32

0 0 2
2 1 1
0 1 2
0 14

0 0 2
2 1 1
0 2 0
34 5

0 0 2
2 1 1
0 2 1
0 0

0 0 2
2 1 1
1 0 2
3 5

0 0 2
2 1 1
1 1 2
17 11

0 0 2
2 1 1
1 2 0
5 3

0 0 2
2 1 1
1 2 1
5 8

0 0 2
2 1 1
1 2 2
5 5

0 0 2
2 1 1
2 0 1
0 0

0 0 2
2 1 1
2 1 0
0 0

0 0 2
2 1 1
2 1 1
5 0

0 0 2
2 1 1
2 1 2
0 5

0 0 2
2 1 1
2 2 1
1 5

0 0 2
2 1 2
0 1 0
0 5

0 0 2
2 1 2
0 1 1
0 23

0 0 2
2 1 2
1 0 1
0 173

0 0 2
2 1 2
1 1 0
0 7

0 0 2
2 1 2
1 1 1
5 98

0 0 2
2 1 2
1 1 2
95 5

0 0 2
2 1 2
1 2 1
0 5

0 0 2
2 1 2
2 1 1
0 5

0 0 2
2 2 0
0 1 1
2 5

0 0 2
2 2 0
1 0 1
0 5

0 0 2
2 2 0
1 1 1
5 65

0 0 2
2 2 1
0 1 0
17 5

0 0 2
2 2 1
0 1 1
0 0

0 0 2
2 2 1
1 0 1
0 10

0 0 2
2 2 1
1 1 0
0 17

0 0 2
2 2 1
1 1 1
5 65

0 0 2
2 2 1
1 1 2
5 5

0 0 2
2 2 1
1 2 1
8 5

0 0 2
2 2 1
2 1 1
149 5

0 0 2
2 2 2
1 1 1
5 5

0 1 0
1 0 1
0 2 2
5 3

0 1 0
1 0 1
2 0 2
5 0

0 1 0
1 0 1
2 2 2
32 5

0 1 0
1 0 2
0 2 0
4 0

0 1 0
1 0 2
0 2 1
5 5

0 1 0
1 0 2
0 2 2
11 5

0 1 0
1 0 2
1 0 2
5 3

0 1 0
1 0 2
1 2 0
5 26

0 1 0
1 0 2
1 2 2
4 1

0 1 0
1 0 2
2 0 1
5 36

0 1 0
1 0 2
2 0 2
14 5

0 1 0
1 0 2
2 1 0
5 46

0 1 0
1 0 2
2 1 2
0 0

0 1 0
1 0 2
2 2 0
17 5

0 1 0
1 0 2
2 2 1
0 3

0 1 0
1 1 1
2 2 2
5 5

0 1 0
1 1 2
0 2 0
5 7

0 1 0
1 1 2
0 2 2
8 0

0 1 0
1 1 2
1 2 2
5 3

0 1 0
1 1 2
2 0 2
0 0

0 1 0
1 1 2
2 1 2
5 95

0 1 0
1 1 2
2 2 0
22 0

0 1 0
1 1 2
2 2 1
5 11

0 1 0
1 1 2
2 2 2
47 5

0 1 0
1 2 1
0 2 0
5 1

0 1 0
1 2 1
0 2 2
55 1

0 1 0
1 2 1
1 2 2
5 0

0 1 0
1 2 1
2 0 2
26 0

0 1 0
1 2 1
2 1 2
5 0

0 1 0
1 2 1
2 2 2
11 5

0 1 0
1 2 2
0 2 0
5 5

0 1 0
1 2 2
0 2 1
0 5

0 1 0
1 2 2
1 0 2
0 2

0 1 0
1 2 2
1 1 2
5 0

0 1 0
1 2 2
1 2 0
0 45

0 1 0
1 2 2
1 2 1
5 26

0 1 0
1 2 2
1 2 2
0 5

0 1 0
1 2 2
2 0 1
1 0

0 1 0
1 2 2
2 1 0
3 0

0 1 0
1 2 2
2 1 1
5 0

0 1 0
1 2 2
2 1 2
11 5

0 1 0
1 2 2
2 2 1
11 5

0 1 0
2 0 2
0 1 0
6 5

0 1 0
2 0 2
0 1 1
5 2

0 1 0
2 0 2
0 1 2
7 5

0 1 0
2 0 2
0 2 1
61 5

0 1 0
2 0 2
1 0 1
5 2

0 1 0
2 0 2
1 0 2
74 5

0 1 0
2 0 2
1 1 2
2 0

0 1 0
2 0 2
1 2 1
8 0

0 1 0
2 1 2
0 1 0
5 20

0 1 0
2 1 2
0 1 2
5 35

0 1 0
2 1 2
0 2 0
8 5

0 1 0
2 1 2
0 2 1
0 7

0 1 0
2 1 2
1 0 2
0 0

0 1 0
2 1 2
1 1 2
5 95

0 1 0
2 1 2
1 2 1
5 5

0 1 0
2 1 2
1 2 2
0 5

0 1 0
2 1 2
2 1 2
5 5

0 1 0
2 2 2
0 1 0
8 5

0 1 0
2 2 2
0 1 1
35 5

0 1 0
2 2 2
1 0 1
50 5

0 1 0
2 2 2
1 1 1
5 5

0 1 0
2 2 2
1 1 2
23 5

0 1 0
2 2 2
1 2 1
53 5

0 1 1
1 0 0
2 0 2
5 0

0 1 1
1 0 0
2 2 2
80 5

0 1 1
1 0 1
2 2 2
5 5

0 1 1
1 0 2
1 2 2
5 14

0 1 1
1 0 2
2 0 2
0 0

0 1 1
1 0 2
2 1 2
5 59

0 1 1
1 0 2
2 2 0
0 0

0 1 1
1 0 2
2 2 1
5 14

0 1 1
1 0 2
2 2 2
32 5

0 1 1
1 1 0
2 2 2
5 5

0 1 1
1 1 2
2 0 2
5 0

0 1 1
1 1 2
2 2 0
5 0

0 1 1
1 1 2
2 2 2
50 5

0 1 1
1 2 0
1 2 2
5 1

0 1 1
1 2 0
2 0 2
0 4

0 1 1
1 2 0
2 1 2
5 0

0 1 1
1 2 0
2 2 1
5 239

0 1 1
1 2 0
2 2 2
14 5

0 1 1
1 2 1
2 0 2
5 0

0 1 1
1 2 1
2 2 0
5 0

0 1 1
1 2 1
2 2 2
89 5

0 1 1
1 2 2
1 2 0
5 11

0 1 1
1 2 2
1 2 2
2 0

0 1 1
1 2 2
2 0 1
5 64

0 1 1
1 2 2
2 0 2
0 5

0 1 1
1 2 2
2 1 0
5 11

0 1 1
1 2 2
2 1 2
0 0

0 1 1
1 2 2
2 2 0
0 5

0 1 1
1 2 2
2 2 1
0 5

0 1 1
2 0 0
0 1 2
5 86

0 1 1
2 0 0
0 2 1
5 5

0 1 1
2 0 0
0 2 2
1 5

0 1 1
2 0 0
1 0 2
5 38

0 1 1
2 0 0
1 2 2
0 46

0 1 1
2 0 0
2 0 1
5 3

0 1 1
2 0 0
2 0 2
3 5

0 1 1
2 0 0
2 1 2
0 11

0 1 1
2 0 0
2 2 1
5 4

0 1 1
2 0 1
0 2 0
5 11

0 1 1
2 0 1
0 2 2
5 0

0 1 1
2 0 1
1 2 2
5 38

0 1 1
2 0 1
2 0 2
15 2

0 1 1
2 0 1
2 1 2
5 6

0 1 1
2 0 1
2 2 0
2 2

0 1 1
2 0 1
2 2 1
5 20

0 1 1
2 0 1
2 2 2
44 5

0 1 1
2 0 2
0 1 2
0 4

0 1 1
2 0 2
0 2 0
1 5

0 1 1
2 0 2
0 2 1
5 0

0 1 1
2 0 2
1 0 2
1 0

0 1 1
2 0 2
1 1 2
5 3

0 1 1
2 0 2
1 2 0
4 0

0 1 1
2 0 2
1 2 1
5 4

0 1 1
2 0 2
1 2 2
0 5

0 1 1
2 0 2
2 0 1
2 0

0 1 1
2 0 2
2 1 0
0 2

0 1 1
2 0 2
2 1 1
5 0

0 1 1
2 0 2
2 1 2
3 5

0 1 1
2 0 2
2 2 1
2 5

0 1 1
2 1 0
0 2 2
0 0

0 1 1
2 1 0
1 2 2
5 26

0 1 1
2 1 0
2 0 2
3 0

0 1 1
2 1 0
2 1 2
5 182

0 1 1
2 1 0
2 2 1
5 5

0 1 1
2 1 0
2 2 2
95 5

0 1 1
2 1 1
0 2 2
5 0

0 1 1
2 1 1
2 0 2
5 0

0 1 1
2 1 1
2 2 0
5 1

0 1 1
2 1 1
2 2 2
41 5

0 1 1
2 1 2
0 1 2
5 26

0 1 1
2 1 2
0 2 0
0 20

0 1 1
2 1 2
0 2 1
5 59

0 1 1
2 1 2
0 2 2
0 5

0 1 1
2 1 2
1 0 2
5 62

0 1 1
2 1 2
1 2 0
5 53

0 1 1
2 1 2
1 2 2
5 53

0 1 1
2 1 2
2 0 1
5 2

0 1 1
2 1 2
2 0 2
1 5

0 1 1
2 1 2
2 1 0
5 128

0 1 1
2 1 2
2 1 2
5 35

0 1 1
2 1 2
2 2 0
9 5

0 1 1
2 1 2
2 2 1
0 1

0 1 1
2 2 0
0 1 2
0 1

0 1 1
2 2 0
0 2 1
0 0

0 1 1
2 2 0
1 0 2
1 0

0 1 1
2 2 0
1 1 2
5 0

0 1 1
2 2 0
1 2 1
5 0

0 1 1
2 2 0
1 2 2
0 5

0 1 1
2 2 0
2 0 1
0 0

0 1 1
2 2 0
2 1 1
5 0

0 1 1
2 2 0
2 1 2
4 5

0 1 1
2 2 0
2 2 1
0 5

0 1 1
2 2 1
0 1 2
5 0

0 1 1
2 2 1
0 2 0
2 8

0 1 1
2 2 1
0 2 1
5 38

0 1 1
2 2 1
0 2 2
0 5

0 1 1
2 2 1
1 0 2
5 0

0 1 1
2 2 1
1 2 0
5 101

0 1 1
2 2 1
1 2 2
0 0

0 1 1
2 2 1
2 0 1
5 140

0 1 1
2 2 1
2 0 2
2 5

0 1 1
2 2 1
2 1 2
1 0

0 1 1
2 2 1
2 2 0
2 5

0 1 1
2 2 1
2 2 1
5 95

0 1 1
2 2 2
0 1 1
5 5

0 1 1
2 2 2
0 1 2
23 5

0 1 1
2 2 2
0 2 1
107 5

0 1 1
2 2 2
1 0 1
5 5

0 1 1
2 2 2
1 0 2
158 5

0 1 1
2 2 2
1 1 0
5 5

0 1 1
2 2 2
1 1 2
68 5

0 1 1
2 2 2
1 2 0
131 5

0 1 1
2 2 2
1 2 1
65 5

0 1 1
2 2 2
2 0 1
62 5

0 1 1
2 2 2
2 1 0
17 5

0 1 1
2 2 2
2 1 1
71 5

0 1 2
1 0 0
2 0 1
5 5

0 1 2
1 0 0
2 0 2
11 5

0 1 2
1 0 0
2 1 2
2 0

0 1 2
1 0 0
2 2 1
0 0

0 1 2
1 0 1
2 1 2
5 5

0 1 2
1 0 1
2 2 0
0 0

0 1 2
1 0 1
2 2 1
5 0

0 1 2
1 0 1
2 2 2
35 5

0 1 2
1 0 2
2 2 1
14 5

0 1 2
1 1 0
2 0 2
3 5

0 1 2
1 1 0
2 1 2
5 95

0 1 2
1 1 0
2 2 1
5 272

0 1 2
1 1 0
2 2 2
47 5

0 1 2
1 1 1
2 2 0
5 131

0 1 2
1 1 1
2 2 2
5 5

0 1 2
1 1 2
2 2 0
11 5

0 1 2
1 1 2
2 2 1
0 5

0 1 2
1 2 0
2 0 1
35 5

0 1 2
1 2 0
2 1 1
5 5

0 1 2
1 2 0
2 1 2
65 5

0 1 2
1 2 0
2 2 1
35 5

0 1 2
1 2 1
2 1 0
5 5

0 1 2
1 2 1
2 1 2
98 5

0 1 2
1 2 1
2 2 0
32 5

0 1 2
1 2 1
2 2 1
104 5

0 1 2
2 0 0
0 1 2
5 5

0 1 2
2 0 0
0 2 1
8 5

0 1 2
2 0 0
1 0 1
5 25

0 1 2
2 0 0
1 0 2
17 5

0 1 2
2 0 0
1 1 2
0 0

0 1 2
2 0 0
1 2 1
5 3

0 1 2
2 0 0
2 0 1
20 5

0 1 2
2 0 0
2 1 1
0 3

0 1 2
2 0 1
0 1 2
0 7

0 1 2
2 0 1
0 2 0
8 5

0 1 2
2 0 1
0 2 1
5 0

0 1 2
2 0 1
1 0 2
5 5

0 1 2
2 0 1
1 1 2
5 8

0 1 2
2 0 1
1 2 0
5 5

0 1 2
2 0 1
1 2 1
5 5

0 1 2
2 0 1
1 2 2
5 5

0 1 2
2 0 1
2 0 1
10 0

0 1 2
2 0 1
2 1 1
5 0

0 1 2
2 0 1
2 1 2
0 5

0 1 2
2 0 1
2 2 1
38 5

0 1 2
2 0 2
1 0 1
0 3

0 1 2
2 0 2
1 1 1
5 116

0 1 2
2 0 2
1 1 2
71 5

0 1 2
2 0 2
1 2 1
8 5

0 1 2
2 0 2
2 1 1
11 5

0 1 2
2 1 0
0 1 2
5 44

0 1 2
2 1 0
0 2 1
0 32

0 1 2
2 1 0
1 0 2
0 0

0 1 2
2 1 0
1 1 2
5 143

0 1 2
2 1 0
1 2 1
5 8

0 1 2
2 1 0
1 2 2
8 5

0 1 2
2 1 0
2 0 1
0 3

0 1 2
2 1 0
2 1 1
5 254

0 1 2
2 1 0
2 1 2
5 5

0 1 2
2 1 0
2 2 1
0 5

0 1 2
2 1 1
0 1 2
5 41

0 1 2
2 1 1
0 2 0
4 0

0 1 2
2 1 1
0 2 1
5 8

0 1 2
2 1 1
0 2 2
5 5

0 1 2
2 1 1
1 0 2
5 11

0 1 2
2 1 1
1 2 0
5 5

0 1 2
2 1 1
1 2 2
20 5

0 1 2
2 1 1
2 0 1
5 3

0 1 2
2 1 1
2 0 2
0 5

0 1 2
2 1 1
2 1 2
5 50

0 1 2
2 1 1
2 2 0
26 5

0 1 2
2 1 1
2 2 1
0 0

0 1 2
2 1 2
0 1 2
5 5

0 1 2
2 1 2
0 2 1
0 5

0 1 2
2 1 2
1 0 1
5 263

0 1 2
2 1 2
1 0 2
83 5

0 1 2
2 1 2
1 1 2
5 5

0 1 2
2 1 2
1 2 0
11 5

0 1 2
2 1 2
1 2 1
0 5

0 1 2
2 1 2
2 0 1
0 5

0 1 2
2 1 2
2 1 0
5 5

0 1 2
2 1 2
2 1 1
5 17

0 1 2
2 2 0
1 0 1
0 3

0 1 2
2 2 0
1 1 1
5 281

0 1 2
2 2 0
1 1 2
38 5

0 1 2
2 2 0
1 2 1
14 5

0 1 2
2 2 0
2 1 1
11 5

0 1 2
2 2 1
0 1 2
20 5

0 1 2
2 2 1
0 2 1
8 5

0 1 2
2 2 1
1 0 1
5 8

0 1 2
2 2 1
1 0 2
5 5

0 1 2
2 2 1
1 1 2
5 0

0 1 2
2 2 1
1 2 0
5 5

0 1 2
2 2 1
1 2 1
5 5

0 1 2
2 2 1
2 0 1
32 5

0 1 2
2 2 1
2 1 1
53 5

0 1 2
2 2 2
1 0 1
50 5

0 1 2
2 2 2
1 1 1
5 5

0 2 0
2 0 2
1 0 1
5 5

0 2 0
2 0 2
1 1 1
5 14

0 2 0
2 1 2
1 0 1
5 11

0 2 0
2 1 2
1 1 1
5 8

0 2 0
2 1 2
1 1 2
0 5

0 2 0
2 1 2
1 2 1
0 5

0 2 0
2 2 2
1 1 1
5 5

0 2 1
2 0 0
1 0 1
5 5

0 2 1
2 0 0
1 0 2
8 5

0 2 1
2 0 0
1 1 2
0 0

0 2 1
2 0 0
1 2 1
5 0

0 2 1
2 0 0
2 0 1
0 5

0 2 1
2 0 0
2 1 1
0 0

0 2 1
2 0 1
1 1 2
5 5

0 2 1
2 0 1
1 2 1
5 5

0 2 1
2 0 1
1 2 2
0 5

0 2 1
2 0 1
2 0 1
5 59

0 2 1
2 0 1
2 1 1
5 32

0 2 1
2 0 1
2 1 2
5 5

0 2 1
2 0 1
2 2 1
5 5

0 2 1
2 0 2
1 2 1
5 5

0 2 1
2 0 2
2 1 1
80 5

0 2 1
2 1 0
1 0 2
5 23

0 2 1
2 1 0
1 1 2
5 272

0 2 1
2 1 0
1 2 1
5 5

0 2 1
2 1 0
1 2 2
5 5

0 2 1
2 1 0
2 0 1
0 0

0 2 1
2 1 0
2 1 1
5 0

0 2 1
2 1 0
2 1 2
5 5

0 2 1
2 1 0
2 2 1
0 5

0 2 1
2 1 1
1 2 2
5 62

0 2 1
2 1 1
2 0 1
5 74

0 2 1
2 1 1
2 0 2
119 5

0 2 1
2 1 1
2 1 2
5 0

0 2 1
2 1 1
2 2 1
5 59

0 2 1
2 1 2
1 2 0
5 5

0 2 1
2 1 2
1 2 1
5 41

0 2 1
2 1 2
2 0 1
0 5

0 2 1
2 1 2
2 1 1
0 0

0 2 1
2 2 0
1 0 1
9 2

0 2 1
2 2 0
1 1 1
5 38

0 2 1
2 2 0
1 1 2
71 5

0 2 1
2 2 0
1 2 1
161 5

0 2 1
2 2 0
2 1 1
0 5

0 2 1
2 2 1
1 1 2
5 0

0 2 1
2 2 1
1 2 1
5 5

0 2 1
2 2 1
2 0 1
5 5

0 2 1
2 2 1
2 1 1
5 50

0 2 2
2 0 1
2 1 1
14 5

0 2 2
2 1 0
2 1 1
3 5

0 2 2
2 1 1
2 1 1
2 1

1 0 1
0 0 0
1 2 2
5 163

1 0 1
0 0 0
2 0 2
0 0

1 0 1
0 0 0
2 1 2
5 17

1 0 1
0 0 0
2 2 2
326 5

1 0 1
0 0 1
2 0 2
5 0

1 0 1
0 0 1
2 2 2
92 5

1 0 1
0 0 2
1 2 2
0 29

1 0 1
0 0 2
2 0 1
5 200

1 0 1
0 0 2
2 0 2
0 5

1 0 1
0 0 2
2 1 2
0 14

1 0 1
0 0 2
2 2 1
0 64

1 0 1
0 1 0
2 0 2
5 0

1 0 1
0 1 0
2 2 2
116 5

1 0 1
0 1 1
2 2 2
5 5

1 0 1
0 1 2
1 2 2
5 11

1 0 1
0 1 2
2 0 2
0 0

1 0 1
0 1 2
2 1 2
5 11

1 0 1
0 1 2
2 2 1
5 32

1 0 1
0 1 2
2 2 2
143 5

1 0 1
0 2 0
1 0 2
5 73

1 0 1
0 2 0
1 2 2
0 0

1 0 1
0 2 0
2 0 2
2 5

1 0 1
0 2 0
2 1 2
0 11

1 0 1
0 2 1
1 2 2
5 0

1 0 1
0 2 1
2 0 2
0 0

1 0 1
0 2 1
2 1 2
5 17

1 0 1
0 2 1
2 2 1
5 62

1 0 1
0 2 1
2 2 2
29 5

1 0 1
0 2 2
1 2 1
5 0

1 0 1
0 2 2
1 2 2
0 5

1 0 1
0 2 2
2 0 1
0 0

1 0 1
0 2 2
2 1 1
5 0

1 0 1
0 2 2
2 1 2
0 5

1 0 1
0 2 2
2 2 1
0 5

1 0 1
1 0 1
2 2 2
5 5

1 0 1
1 0 2
1 2 2
5 50

1 0 1
1 0 2
2 0 2
4 0

1 0 1
1 0 2
2 1 2
5 5

1 0 1
1 0 2
2 2 1
5 248

1 0 1
1 0 2
2 2 2
44 5

1 0 1
1 1 2
2 0 2
5 0

1 0 1
1 1 2
2 2 2
62 5

1 0 1
1 2 1
2 0 2
5 0

1 0 1
1 2 1
2 2 2
71 5

1 0 1
1 2 2
1 0 2
5 119

1 0 1
1 2 2
1 2 2
5 131

1 0 1
1 2 2
2 0 1
25 14

1 0 1
1 2 2
2 0 2
0 5

1 0 1
1 2 2
2 1 2
0 5

1 0 1
1 2 2
2 2 1
0 0

1 0 1
2 0 2
1 0 2
0 0

1 0 1
2 0 2
1 1 2
5 0

1 0 1
2 0 2
1 2 1
5 4

1 0 1
2 0 2
1 2 2
0 5

1 0 1
2 0 2
2 1 2
3 5

1 0 1
2 1 2
1 0 2
5 44

1 0 1
2 1 2
1 2 2
5 71

1 0 1
2 1 2
2 0 2
0 5

1 0 1
2 1 2
2 1 2
0 5

1 0 1
2 2 2
1 0 1
5 5

1 0 1
2 2 2
1 0 2
197 5

1 0 1
2 2 2
1 1 2
86 5

1 0 1
2 2 2
1 2 1
29 5

1 0 2
0 0 0
2 0 1
89 5

1 0 2
0 0 0
2 1 1
5 0

1 0 2
0 0 0
2 1 2
85 5

1 0 2
0 0 0
2 2 1
1 5

1 0 2
0 0 1
2 1 2
0 0

1 0 2
0 0 1
2 2 1
0 3

1 0 2
0 1 0
2 0 1
5 173

1 0 2
0 1 0
2 0 2
92 5

1 0 2
0 1 0
2 1 2
0 0

1 0 2
0 1 0
2 2 1
5 86

1 0 2
0 1 1
2 1 2
5 68

1 0 2
0 1 1
2 2 1
5 299

1 0 2
0 1 1
2 2 2
131 5

1 0 2
0 1 2
2 2 1
5 5

1 0 2
0 2 0
2 0 1
5 5

1 0 2
0 2 0
2 1 1
230 5

1 0 2
0 2 1
2 1 1
5 5

1 0 2
0 2 1
2 1 2
41 5

1 0 2
0 2 1
2 2 1
32 5

1 0 2
1 0 0
1 0 2
5 203

1 0 2
1 0 0
1 2 2
5 128

1 0 2
1 0 0
2 0 2
200 5

1 0 2
1 0 0
2 1 2
38 0

1 0 2
1 0 0
2 2 1
2 0

1 0 2
1 0 1
1 2 2
5 398

1 0 2
1 0 1
2 0 2
0 0

1 0 2
1 0 1
2 1 2
5 0

1 0 2
1 0 1
2 2 1
5 3

1 0 2
1 0 1
2 2 2
56 5

1 0 2
1 0 2
1 0 2
5 5

1 0 2
1 0 2
1 1 2
5 5

1 0 2
1 0 2
1 2 1
5 53

1 0 2
1 0 2
1 2 2
5 5

1 0 2
1 0 2
2 0 1
0 0

1 0 2
1 0 2
2 1 1
5 3

1 0 2
1 0 2
2 1 2
47 5

1 0 2
1 0 2
2 2 1
0 5

1 0 2
1 1 0
1 2 2
5 47

1 0 2
1 1 0
2 0 2
0 0

1 0 2
1 1 0
2 1 2
5 0

1 0 2
1 1 0
2 2 1
5 215

1 0 2
1 1 0
2 2 2
56 5

1 0 2
1 1 1
2 0 2
5 449

1 0 2
1 1 1
2 2 2
5 5

1 0 2
1 1 2
1 0 2
5 5

1 0 2
1 1 2
1 2 2
5 5

1 0 2
1 1 2
2 0 1
5 206

1 0 2
1 1 2
2 0 2
107 5

1 0 2
1 1 2
2 1 2
50 5

1 0 2
1 1 2
2 2 1
5 59

1 0 2
1 2 0
1 0 2
5 20

1 0 2
1 2 0
1 1 2
5 167

1 0 2
1 2 0
1 2 1
5 188

1 0 2
1 2 0
1 2 2
5 5

1 0 2
1 2 0
2 1 1
5 5

1 0 2
1 2 0
2 1 2
59 5

1 0 2
1 2 0
2 2 1
56 5

1 0 2
1 2 1
1 0 2
5 296

1 0 2
1 2 1
1 2 2
5 26

1 0 2
1 2 1
2 0 1
5 5

1 0 2
1 2 1
2 0 2
137 5

1 0 2
1 2 1
2 1 2
173 5

1 0 2
1 2 1
2 2 1
80 5

1 0 2
1 2 2
1 0 2
5 5

1 0 2
1 2 2
1 1 2
5 5

1 0 2
1 2 2
1 2 1
5 173

1 0 2
1 2 2
2 0 1
215 5

1 0 2
1 2 2
2 1 1
53 5

1 0 2
2 0 0
1 0 2
5 5

1 0 2
2 0 0
1 1 2
14 0

1 0 2
2 0 0
1 2 1
0 0

1 0 2
2 0 1
1 0 2
5 5

1 0 2
2 0 1
1 1 2
5 5

1 0 2
2 0 1
1 2 1
5 8

1 0 2
2 0 1
1 2 2
5 5

1 0 2
2 0 1
2 1 1
5 0

1 0 2
2 0 1
2 1 2
5 5

1 0 2
2 0 1
2 2 1
0 5

1 0 2
2 0 2
1 1 1
5 98

1 0 2
2 0 2
1 1 2
50 5

1 0 2
2 0 2
1 2 1
0 5

1 0 2
2 0 2
2 1 1
4 5

1 0 2
2 1 0
1 0 2
8 0

1 0 2
2 1 0
1 1 2
5 2

1 0 2
2 1 0
1 2 1
5 50

1 0 2
2 1 0
1 2 2
8 5

1 0 2
2 1 0
2 1 2
0 5

1 0 2
2 1 0
2 2 1
5 5

1 0 2
2 1 1
1 0 2
5 5

1 0 2
2 1 1
1 2 2
11 5

1 0 2
2 1 1
2 0 2
11 5

1 0 2
2 1 1
2 1 2
0 5

1 0 2
2 1 1
2 2 1
5 92

1 0 2
2 1 2
1 0 2
35 5

1 0 2
2 1 2
1 1 2
56 5

1 0 2
2 1 2
1 2 1
5 164

1 0 2
2 1 2
2 0 1
5 5

1 0 2
2 1 2
2 1 1
5 35

1 0 2
2 2 0
1 1 2
11 5

1 0 2
2 2 0
1 2 1
56 5

1 0 2
2 2 1
1 0 2
5 5

1 0 2
2 2 1
1 1 2
5 5

1 0 2
2 2 1
1 2 1
5 0

1 0 2
2 2 1
2 1 1
95 5

1 0 2
2 2 2
1 1 1
5 5

1 1 1
1 0 2
2 0 2
5 38

1 1 1
1 0 2
2 2 2
5 5

1 1 1
1 1 2
2 2 2
5 5

1 1 1
1 2 1
2 2 2
5 5

1 1 1
1 2 2
1 2 2
5 14

1 1 1
1 2 2
2 0 2
5 137

1 1 1
1 2 2
2 1 2
5 179

1 1 1
1 2 2
2 2 1
5 440

1 1 1
1 2 2
2 2 2
5 5

1 1 1
2 0 2
1 2 2
5 56

1 1 1
2 0 2
2 0 2
5 5

1 1 1
2 0 2
2 1 2
5 11

1 1 1
2 1 2
1 2 2
5 53

1 1 1
2 1 2
2 0 2
5 62

1 1 1
2 1 2
2 1 2
5 134

1 1 1
2 1 2
2 2 2
5 5

1 1 1
2 2 2
1 1 2
5 5

1 1 1
2 2 2
1 2 1
5 5

1 1 1
2 2 2
1 2 2
5 5

1 1 1
2 2 2
2 1 2
5 5

1 1 2
1 0 0
2 0 2
5 0

1 1 2
1 0 0
2 1 2
5 0

1 1 2
1 0 0
2 2 2
65 5

1 1 2
1 0 1
2 2 2
32 5

1 1 2
1 0 2
2 2 1
0 0

1 1 2
1 1 0
2 0 2
5 2

1 1 2
1 1 0
2 2 2
71 5

1 1 2
1 1 1
2 2 2
5 5

1 1 2
1 1 2
2 2 1
5 161

1 1 2
1 1 2
2 2 2
17 5

1 1 2
1 2 0
2 0 2
8 5

1 1 2
1 2 0
2 1 2
137 5

1 1 2
1 2 1
2 1 2
5 5

1 1 2
1 2 1
2 2 1
5 5

1 1 2
1 2 1
2 2 2
20 5

1 1 2
1 2 2
2 2 1
182 5

1 1 2
2 0 0
1 1 2
5 1

1 1 2
2 0 0
1 2 2
11 5

1 1 2
2 0 0
2 1 2
2 5

1 1 2
2 0 1
1 2 2
5 5

1 1 2
2 0 1
2 0 2
95 5

1 1 2
2 0 1
2 1 2
0 0

1 1 2
2 0 1
2 2 1
2 0

1 1 2
2 0 2
1 1 2
20 5

1 1 2
2 0 2
1 2 1
0 0

1 1 2
2 0 2
2 1 1
4 2

1 1 2
2 1 0
1 2 2
5 0

1 1 2
2 1 0
2 0 2
1 5

1 1 2
2 1 0
2 1 2
5 50

1 1 2
2 1 1
1 2 2
17 5

1 1 2
2 1 1
2 0 2
0 0

1 1 2
2 1 1
2 1 2
5 368

1 1 2
2 1 1
2 2 1
5 134

1 1 2
2 1 1
2 2 2
164 5

1 1 2
2 1 2
1 1 2
5 5

1 1 2
2 1 2
1 2 1
5 317

1 1 2
2 1 2
1 2 2
134 5

1 1 2
2 1 2
2 1 1
5 8

1 1 2
2 1 2
2 1 2
5 5

1 1 2
2 1 2
2 2 1
5 5

1 1 2
2 2 0
1 1 2
5 0

1 1 2
2 2 1
1 1 2
5 4

1 1 2
2 2 1
1 2 1
28 5

1 1 2
2 2 1
1 2 2
5 5

1 1 2
2 2 1
2 1 2
86 5

1 1 2
2 2 1
2 2 1
83 5

1 1 2
2 2 2
1 1 2
29 5

1 1 2
2 2 2
1 2 1
278 5

1 1 2
2 2 2
2 1 1
14 5

1 2 1
2 0 2
1 2 1
5 5

1 2 1
2 1 2
1 2 1
5 5

1 2 1
2 1 2
1 2 2
5 5

1 2 1
2 1 2
2 1 2
5 5

1 2 1
2 2 2
1 2 1
5 5

1 2 2
2 1 1
2 1 2
5 5

2 0 2
0 1 1
2 1 2
1 5

2 0 2
1 0 1
2 1 2
4 5

2 0 2
1 1 1
2 0 2
5 5

2 0 2
1 1 1
2 1 2
5 47

2 1 2
1 0 1
2 1 2
4 2

2 1 2
1 1 1
2 1 2
5 8

2 1 2
1 1 1
2 2 2
5 5

2 1 2
1 2 1
2 1 2
14 5

0 0 0
0 0 0
0 0 0
0 0

0 0 0
0 0 0
0 0 0
0 0

0 0 0
0 0 0
0 0 0
0 0

0 0 0
0 0 0
0 0 0
0 0

0 0 0
0 0 0
0 0 0
0 0

0 0 0
0 0 0
0 0 0
0 0

0 0 0
0 0 0
0 0 0
0 0

0 0 0
0 0 0
0 0 0
0 0

0 0 0
0 0 0
0 0 0
0 0

0 0 0
0 0 0
0 0 0
0 0

0 0 0
0 0 0
0 0 0
0 0

0 0 0
0 0 0
0 0 0
0 0

0 0 0
0 0 0
0 0 0
0 0

0 0 0
0 0 0
0 0 0
0 0

0 0 0
0 0 0
0 0 0
0 0

0 0 0
0 0 0
0 0 0
0 0

0 0 0
0 0 0
0 0 0
0 0

0 0 0
0 0 0
0 0 0
0 0

0 0 0
0 0 0
0 0 0
0 0

0 0 0
0 0 0
0 0 0
0 0

0 0 0
0 0 0
0 0 0
0 0

0 0 0
0 0 0
0 0 0
0 0

0 0 0
0 0 0
0 0 0
0 0

0 0 0
0 0 0
0 0 0
0 0

0 0 0
0 0 0
0 0 0
0 0

0 0 0
0 0 0
0 0 0
0 0

0 0 0
0 0 0
0 0 0
0 0

0 0 0
0 0 0
0 0 0
0 0

0 0 0
0 0 0
0 0 0
0 0

0 0 0
0 0 0
0 0 0
0 0

0 0 0
0 0 0
0 0 0
0 0

0 0 0
0 0 0
0 0 0
0 0

0 0 0
0 0 0
0 0 0
0 0

0 0 0
0 0 0
0 0 0
0 0

0 0 0
0 0 0
0 0 0
0 0

0 0 0
0 0 0
0 0 0
0 0

0 0 0
0 0 0
0 0 0
0 0

0 0 0
0 0 0
0 0 0
0 0

0 0 0
0 0 0
0 0 0
0 0

0 0 0
0 0 0
0 0 0
0 0

0 0 0
0 0 0
0 0 0
0 0

0 0 0
0 0 0
0 0 0
0 0

0 0 0
0 0 0
0 0 0
0 0

0 0 0
0 0 0
0 0 0
0 0

0 0 0
0 0 0
0 0 0
0 0

0 0 0
0 0 0
0 0 0
0 0

0 0 0
0 0 0
0 0 0
0 0

0 0 0
0 0 0
0 0 0
0 0

0 0 0
0 0 0
0 0 0
0 0

0 0 0
0 0 0
0 0 0
0 0

0 0 0
0 0 0
0 0 0
0 0

0 0 0
0 0 0
0 0 0
0 0

0 0 0
0 0 0
0 0 0
0 0

0 0 0
0 0 0
0 0 0
0 0

0 0 0
0 0 0
0 0 0
0 0

0 0 0
0 0 0
0 0 0
0 0

0 0 0
0 0 0
0 0 0
0 0

0 0 0
0 0 0
0 0 0
0 0

0 0 0
0 0 0
0 0 0
0 0

0 0 0
0 0 0
0 0 0
0 0

0 0 0
0 0 0
0 0 0
0 0

0 0 0
0 0 0
0 0 0
0 0

0 0 0
0 0 0
0 0 0
0 0

0 0 0
0 0 0
0 0 0
0 0

0 0 0
0 0 0
0 0 0
0 0

0 0 0
0 0 0
0 0 0
0 0

0 0 0
0 0 0
0 0 0
0 0

0 0 0
0 0 0
0 0 0
0 0

0 0 0
0 0 0
0 0 0
0 0

0 0 0
0 0 0
0 0 0
0 0

0 0 0
0 0 0
0 0 0
0 0

0 0 0
0 0 0
0 0 0
0 0

0 0 0
0 0 0
0 0 0
0 0

0 0 0
0 0 0
0 0 0
0 0

0 0 0
0 0 0
0 0 0
0 0

0 0 0
0 0 0
0 0 0
0 0

0 0 0
0 0 0
0 0 0
0 0

0 0 0
0 0 0
0 0 0
0 0

0 0 0
0 0 0
0 0 0
0 0

0 0 0
0 0 0
0 0 0
0 0

0 0 0
0 0 0
0 0 0
0 0

